6043994|16871910
6043988|16871904
6043998|16871914
6044000|16871916
6044002|16871918
6044003|16871919
6044004|16871920
6044006|16871922
6044007|16871923
6044008|16871924
6044009|16871925
6044012|16871928
6044014|16871930
6044016|16871932
6044017|16871933
6044018|16871934
6044019|16871935
6044020|16871936
6044022|16871938
6044023|16871939
6044025|16871941
6044028|16871944
6044029|16871945
6044030|16871946
6044031|16871947
6044032|16871948
6044035|16871951
6044038|16871954
6044039|16871955
6044040|16871956
6044041|16871957
6044042|16871958
6044043|16871959
6044044|16871960
6044046|16871962
6044047|16871963
6044048|16871964
6044050|16871966
6044051|16871967
6044053|16871969
6044054|16871970
6044055|16871971
6044056|16871972
6044057|16871973
6044058|16871974
6044060|16871976
6044061|16871977
6044065|16871981
6044066|16871982
6044068|16871984
6044069|16871985
6044070|16871986
6044073|16871989
6044075|16871991
6044076|16871992
6044077|16871993
6044078|16871994
6044079|16871995
6044081|16871997
6044082|16871998
6044083|16871999
6044084|16872000
6044085|16872001
6044086|16872002
6044087|16872003
6044088|16872004
6044089|16872005
6044093|16872009
6044094|16872010
6044095|16872011
6044096|16872012
6044098|16872014
6044099|16872015
6044100|16872016
6044104|16872020
6044105|16872021
6044106|16872022
6044107|16872023
6044109|16872025
6044111|16872027
6044112|16872028
6044113|16872029
6044116|16872032
6044117|16872033
6044119|16872035
6044120|16872036
6044121|16872037
6044123|16872039
6044125|16872041
6044127|16872043
6044128|16872044
6044129|16872045
6044131|16872047
6044133|16872049
6044134|16872050
6044135|16872051
6044136|16872052
6044137|16872053
6044138|16872054
6044140|16872056
6044141|16872057
6044142|16872058
6044144|16872060
6044145|16872061
6044146|16872062
6044147|16872063
6044148|16872064
6044149|16872065
6044150|16872066
6044151|16872067
6044155|16872071
6044156|16872072
6044158|16872074
6044160|16872076
6044161|16872077
6044162|16872078
6044163|16872079
6044164|16872080
6044165|16872081
6044170|16872085
6044171|16872086
6044172|16872087
6044173|16872088
6044174|16872089
6044176|16872091
6044177|16872092
6044178|16872093
6044179|16872094
6044180|16872095
6044182|16872097
6044183|16872098
6044188|16872103
6044190|16872105
6044193|16872108
6044194|16872109
6044195|16872110
6044196|16872111
6044198|16872113
6044199|16872114
6044201|16872116
6044202|16872117
6044204|16872119
6044205|16872120
6044206|16872121
6044207|16872122
6044211|16872126
6044212|16872127
6044213|16872128
6044215|16872130
6044219|16872134
6044220|16872135
6044222|16872137
6044223|16872138
6044227|16872142
6044231|16872145
6044232|16872146
6044233|16872147
6044234|16872148
6044235|16872149
6044236|16872150
6044239|16872153
6044241|16872155
6044243|16872157
6044244|16872158
6044245|16872159
6044247|16872161
6044249|16872163
6044250|16872164
6044251|16872165
6044252|16872166
6044253|16872167
6044254|16872168
6044256|16872170
6044257|16872171
6044258|16872172
6044259|16872173
6044260|16872174
6044261|16872175
6044262|16872176
6044263|16872177
6044264|16872178
6044266|16872180
6044269|16872183
6044271|16872185
6044272|16872186
6044276|16872190
6044279|16872193
6044280|16872194
6044281|16872195
6044282|16872196
6044283|16872197
6044285|16872199
6044287|16872201
6044289|16872203
6044290|16872204
6044291|16872205
6044292|16872206
6044294|16872208
6044295|16872209
6044296|16872210
6044297|16872211
6044298|16872212
6044299|16872213
6044301|16872215
6044304|16872218
6044307|16872221
6044310|16872224
6044313|16872227
6044316|16872230
6044318|16872232
6044319|16872233
6044321|16872235
6044322|16872236
6044323|16872237
6044324|16872238
6044326|16872240
6044327|16872241
6044331|16872245
6044333|16872247
6044334|16872248
6044335|16872249
6044338|16872252
6044340|16872254
6044341|16872255
6044342|16872256
6044343|16872257
6044344|16872258
6044345|16872259
6044346|16872260
6044347|16872261
6044348|16872262
6044352|16872266
6044353|16872267
6044360|16872274
6044363|16872277
6044364|16872278
6044367|16872281
6044368|16872282
6044369|16872283
6044371|16872285
6044373|16872287
6044374|16872288
6044375|16872289
6044377|16872291
6044379|16872293
6044381|16872295
6044382|16872296
6044383|16872297
6044384|16872298
6044385|16872299
6044386|16872300
6044388|16872302
6044390|16872304
6044391|16872305
6044393|16872307
6044394|16872308
6044395|16872309
6044396|16872310
6044397|16872311
6044398|16872312
6044400|16872314
6044401|16872315
6044402|16872316
6044404|16872318
6044406|16872320
6044408|16872322
6044409|16872323
6044410|16872324
6044412|16872326
6044415|16872329
6044416|16872330
6044418|16872332
6044419|16872333
6044420|16872334
6044421|16872335
6044422|16872336
6044425|16872339
6044430|16872344
6044431|16872345
6044433|16872347
6044434|16872348
6044438|16872351
6044439|16872352
6044441|16872354
6044446|16872359
6044450|16872362
6044451|16872363
6044456|16872368
6044457|16872369
6044458|16872370
6044459|16872371
6044460|16872372
6044461|16872373
6044462|16872374
6044463|16872375
6044464|16872376
6044465|16872377
6044466|16872378
6044467|16872379
6044469|16872381
6044470|16872382
6044471|16872383
6044474|16872386
6044476|16872388
6044480|16872392
6044481|16872393
6044482|16872394
6044484|16872396
6044486|16872398
6044488|16872400
6044489|16872401
6044492|16872404
6044493|16872405
6044496|16872408
6044497|16872409
6044498|16872410
6044499|16872411
6044500|16872412
6044502|16872414
6044503|16872415
6044504|16872416
6044506|16872418
6044507|16872419
6044508|16872420
6044510|16872422
6044511|16872423
6044517|16872429
6044518|16872430
6044519|16872431
6044521|16872433
6044522|16872434
6044524|16872436
6044527|16872439
6044528|16872440
6044529|16872441
6044530|16872442
6044532|16872444
6044535|16872447
6044536|16872448
6044537|16872449
6044538|16872450
6044539|16872451
6044540|16872452
6044542|16872454
6044544|16872456
6044546|16872458
6044547|16872459
6044548|16872460
6044552|16872464
6044553|16872465
6044555|16872467
6044556|16872468
6044557|16872469
6044560|16872472
6044561|16872473
6044565|16872477
6044566|16872478
6044570|16872482
6044571|16872483
6044572|16872484
6044573|16872485
6044576|16872488
6044578|16872490
6044583|16872495
6044584|16872496
6044585|16872497
6044586|16872498
6044588|16872500
6044590|16872502
6044591|16872503
6044595|16872507
6044597|16872509
6044599|16872511
6044600|16872512
6044601|16872513
6044602|16872514
6044603|16872515
6044604|16872516
6044607|16872519
6044608|16872520
6044610|16872522
6044611|16872523
6044613|16872525
6044614|16872526
6044615|16872527
6044619|16872531
6044621|16872533
6044623|16872535
6044624|16872536
6044627|16872539
6044629|16872541
6044630|16872542
6044631|16872543
6044633|16872545
6044636|16872548
6044637|16872549
6044641|16872553
6044642|16872554
6044643|16872555
6044644|16872556
6044646|16872558
6044647|16872559
6044648|16872560
6044649|16872561
6044651|16872563
6044652|16872564
6044654|16872566
6044655|16872567
6044658|16872569
6044659|16872570
6044662|16872573
6044663|16872574
6044665|16872576
6044666|16872577
6044667|16872578
6044671|16872582
6044672|16872583
6044673|16872584
6044675|16872586
6044677|16872588
6044679|16872590
6044680|16872591
6044681|16872592
6044683|16872594
6044684|16872595
6044685|16872596
6044686|16872597
6044687|16872598
6044690|16872601
6044691|16872602
6044694|16872605
6044698|16872608
6044699|16872609
6044700|16872610
6044701|16872611
6044702|16872612
6044704|16872614
6044705|16872615
6044707|16872617
6044708|16872618
6044709|16872619
6044710|16872620
6044711|16872621
6044712|16872622
6044715|16872625
6044716|16872626
6044720|16872630
6044721|16872631
6044722|16872632
6044726|16872636
6044727|16872637
6044728|16872638
6044729|16872639
6044731|16872641
6044732|16872642
6044738|16872648
6044742|16872652
6044743|16872653
6044744|16872654
6044745|16872655
6044746|16872656
6044748|16872658
6044752|16872662
6044753|16872663
6044755|16872665
6044756|16872666
6044757|16872667
6044761|16872671
6044762|16872672
6044765|16872675
6044768|16872678
6044769|16872679
6044771|16872681
6044772|16872682
6044774|16872684
6044778|16872688
6044779|16872689
6044781|16872691
6044784|16872694
6044785|16872695
6044787|16872697
6044788|16872698
6044789|16872699
6044790|16872700
6044791|16872701
6044792|16872702
6044795|16872705
6044796|16872706
6044798|16872708
6044800|16872710
6044802|16872712
6044804|16872714
6044806|16872716
6044807|16872717
6044811|16872721
6044812|16872722
6044814|16872724
6044815|16872725
6044816|16872726
6044820|16872730
6044823|16872733
6044826|16872736
6044827|16872737
6044828|16872738
6044830|16872740
6044831|16872741
6044834|16872744
6044835|16872745
6044836|16872746
6044839|16872749
6044840|16872750
6044841|16872751
6044844|16872754
6044845|16872755
6044846|16872756
6044848|16872758
6044850|16872760
6044851|16872761
6044852|16872762
6044854|16872764
6044855|16872765
6044856|16872766
6044857|16872767
6044860|16872770
6044861|16872771
6044863|16872773
6044864|16872774
6044865|16872775
6044866|16872776
6044867|16872777
6044871|16872781
6044873|16872783
6044876|16872786
6044878|16872788
6044879|16872789
6044880|16872790
6044881|16872791
6044882|16872792
6044883|16872793
6044884|16872794
6044885|16872795
6044886|16872796
6044888|16872798
6044892|16872802
6044893|16872803
6044894|16872804
6044895|16872805
6044897|16872807
6044898|16872808
6044904|16872813
6044906|16872815
6044907|16872816
6044908|16872817
6044909|16872818
6044912|16872821
6044916|16872825
6044917|16872826
6044918|16872827
6044920|16872829
6044921|16872830
6044922|16872831
6044923|16872832
6044924|16872833
6044925|16872834
6044926|16872835
6044929|16872838
6044930|16872839
6044931|16872840
6044935|16872844
6044937|16872846
6044938|16872847
6044939|16872848
6044940|16872849
6044941|16872850
6044943|16872852
6044945|16872854
6044947|16872856
6044948|16872857
6044949|16872858
6044950|16872859
6044951|16872860
6044952|16872861
6044953|16872862
6044955|16872864
6044957|16872866
6044958|16872867
6044960|16872869
6044963|16872872
6044964|16872873
6044965|16872874
6044966|16872875
6044967|16872876
6044968|16872877
6044969|16872878
6044971|16872880
6044972|16872881
6044974|16872883
6044975|16872884
6044979|16872888
6044981|16872890
6044982|16872891
6044984|16872893
6044985|16872894
6044987|16872896
6044990|16872899
6044991|16872900
6044993|16872902
6044994|16872903
6044996|16872905
6044997|16872906
6045000|16872909
6045002|16872911
6045004|16872913
6045006|16872915
6045007|16872916
6045011|16872920
6045012|16872921
6045013|16872922
6045014|16872923
6045015|16872924
6045016|16872925
6045017|16872926
6045021|16872930
6045023|16872932
6045026|16872935
6045027|16872936
6045028|16872937
6045030|16872939
6045031|16872940
6045034|16872943
6045035|16872944
6045036|16872945
6045038|16872947
6045041|16872950
6045043|16872952
6045046|16872955
6045047|16872956
6045048|16872957
6045049|16872958
6045050|16872959
6045051|16872960
6045052|16872961
6045055|16872964
6045056|16872965
6045058|16872967
6045062|16872971
6045063|16872972
6045064|16872973
6045067|16872976
6045068|16872977
6045069|16872978
6045071|16872980
6045073|16872982
6045074|16872983
6045075|16872984
6045077|16872986
6045078|16872987
6045080|16872989
6045082|16872991
6045083|16872992
6045084|16872993
6045085|16872994
6045087|16872996
6045088|16872997
6045090|16872999
6045091|16873000
6045092|16873001
6045097|16873006
6045100|16873009
6045101|16873010
6045102|16873011
6045104|16873013
6045105|16873014
6045111|16873020
6045112|16873021
6045115|16873024
6045117|16873026
6045118|16873027
6045119|16873028
6045121|16873030
6045122|16873031
6045125|16873034
6045128|16873037
6045129|16873038
6045130|16873039
6045131|16873040
6045132|16873041
6045133|16873042
6045134|16873043
6045135|16873044
6045136|16873045
6045137|16873046
6045139|16873048
6045140|16873049
6045142|16873051
6045143|16873052
6045145|16873054
6045147|16873056
6045149|16873058
6045153|16873062
6045154|16873063
6045155|16873064
6045156|16873065
6045158|16873067
6045162|16873070
6045163|16873071
6045166|16873074
6045167|16873075
6045170|16873078
6045172|16873080
6045173|16873081
6045174|16873082
6045175|16873083
6045179|16873087
6045184|16873092
6045186|16873094
6045187|16873095
6045188|16873096
6045189|16873097
6045191|16873099
6045193|16873101
6045195|16873103
6045196|16873104
6045198|16873106
6045203|16873111
6045208|16873116
6045209|16873117
6045210|16873118
6045214|16873122
6045215|16873123
6045216|16873124
6045217|16873125
6045219|16873127
6045223|16873131
6045224|16873132
6045226|16873134
6045227|16873135
6045230|16873138
6045232|16873140
6045235|16873143
6045240|16873148
6045241|16873149
6045243|16873151
6045244|16873152
6045248|16873156
6045249|16873157
6045250|16873158
6045251|16873159
6045252|16873160
6045253|16873161
6045258|16873166
6045259|16873167
6045261|16873169
6045262|16873170
6045263|16873171
6045265|16873173
6045267|16873175
6045268|16873176
6045270|16873178
6045274|16873182
6045275|16873183
6045278|16873186
6045281|16873189
6045282|16873190
6045284|16873192
6045287|16873195
6045288|16873196
6045291|16873199
6045292|16873200
6045293|16873201
6045294|16873202
6045296|16873204
6045297|16873205
6045298|16873206
6045302|16873210
6045303|16873211
6045304|16873212
6045305|16873213
6045307|16873215
6045308|16873216
6045310|16873218
6045311|16873219
6045313|16873221
6045315|16873223
6045316|16873224
6045319|16873227
6045321|16873229
6045322|16873230
6045323|16873231
6045324|16873232
6045325|16873233
6045326|16873234
6045327|16873235
6045328|16873236
6045329|16873237
6045330|16873238
6045333|16873241
6045334|16873242
6045335|16873243
6045336|16873244
6045337|16873245
6045339|16873247
6045343|16873251
6045344|16873252
6045345|16873253
6045347|16873255
6045349|16873257
6045350|16873258
6045351|16873259
6045352|16873260
6045353|16873261
6045354|16873262
6045355|16873263
6045356|16873264
6045358|16873266
6045360|16873268
6045361|16873269
6045363|16873271
6045364|16873272
6045365|16873273
6045366|16873274
6045370|16873278
6045371|16873279
6045372|16873280
6045373|16873281
6045374|16873282
6045375|16873283
6045381|16873289
6045384|16873292
6045385|16873293
6045390|16873298
6045392|16873300
6045393|16873301
6045398|16873306
6045400|16873308
6045401|16873309
6045402|16873310
6045403|16873311
6045404|16873312
6045406|16873314
6045407|16873315
6045408|16873316
6045411|16873319
6045413|16873321
6045414|16873322
6045415|16873323
6045417|16873325
6045418|16873326
6045421|16873329
6045422|16873330
6045424|16873332
6045425|16873333
6045427|16873335
6045428|16873336
6045429|16873337
6045430|16873338
6045432|16873340
6045435|16873343
6045436|16873344
6045437|16873345
6045443|16873351
6045444|16873352
6045446|16873354
6045449|16873356
6045450|16873357
6045451|16873358
6045453|16873360
6045455|16873362
6045461|16873367
6045462|16873368
6045464|16873370
6045466|16873372
6045467|16873373
6045469|16873375
6045473|16873379
6045476|16873382
6045477|16873383
6045479|16873385
6045481|16873387
6045483|16873389
6045484|16873390
6045486|16873392
6045487|16873393
6045488|16873394
6045491|16873396
6045494|16873399
6045495|16873400
6045497|16873402
6045498|16873403
6045499|16873404
6045501|16873406
6045503|16873408
6045504|16873409
6045507|16873412
6045508|16873413
6045511|16873416
6045512|16873417
6045513|16873418
6045515|16873420
6045516|16873421
6045519|16873424
6045521|16873426
6045522|16873427
6045523|16873428
6045524|16873429
6045525|16873430
6045527|16873432
6045530|16873435
6045531|16873436
6045532|16873437
6045539|16873444
6045540|16873445
6045541|16873446
6045543|16873448
6045544|16873449
6045545|16873450
6045546|16873451
6045547|16873452
6045549|16873454
6045551|16873456
6045552|16873457
6045554|16873459
6045556|16873461
6045559|16873464
6045560|16873465
6045562|16873467
6045563|16873468
6045564|16873469
6045566|16873471
6045567|16873472
6045568|16873473
6045570|16873475
6045572|16873477
6045573|16873478
6045574|16873479
6045575|16873480
6045576|16873481
6045577|16873482
6045578|16873483
6045579|16873484
6045580|16873485
6045584|16873489
6045586|16873491
6045587|16873492
6045591|16873496
6045593|16873498
6045595|16873500
6045597|16873502
6045599|16873504
6045602|16873507
6045603|16873508
6045604|16873509
6045606|16873511
6045607|16873512
6045608|16873513
6045609|16873514
6045610|16873515
6045611|16873516
6045612|16873517
6045613|16873518
6045616|16873521
6045617|16873522
6045619|16873524
6045620|16873525
6045621|16873526
6045622|16873527
6045623|16873528
6045624|16873529
6045626|16873531
6045627|16873532
6045628|16873533
6045629|16873534
6045630|16873535
6045631|16873536
6045632|16873537
6045634|16873539
6045635|16873540
6045637|16873542
6045639|16873544
6045640|16873545
6045646|16873551
6045647|16873552
6045650|16873554
6045653|16873556
6045654|16873557
6045655|16873558
6045657|16873560
6045659|16873562
6045661|16873564
6045663|16873566
6045664|16873567
6045665|16873568
6045667|16873570
6045669|16873572
6045671|16873574
6045673|16873576
6045674|16873577
6045676|16873578
6045677|16873579
6045680|16873582
6045681|16873583
6045683|16873585
6045684|16873586
6045687|16873589
6045688|16873590
6045692|16873594
6045694|16873596
6045696|16873598
6045697|16873599
6045699|16873601
6045701|16873603
6045703|16873605
6045706|16873608
6045707|16873609
6045708|16873610
6045709|16873611
6045710|16873612
6045711|16873613
6045713|16873615
6045714|16873616
6045715|16873617
6045716|16873618
6045719|16873620
6045720|16873621
6045721|16873622
6045724|16873625
6045725|16873626
6045726|16873627
6045729|16873630
6045732|16873633
6045735|16873636
6045736|16873637
6045737|16873638
6045738|16873639
6045739|16873640
6045741|16873642
6045745|16873646
6045747|16873648
6045748|16873649
6045749|16873650
6045751|16873652
6045752|16873653
6045755|16873656
6045756|16873657
6045763|16873664
6045765|16873666
6045768|16873669
6045769|16873670
6045770|16873671
6045771|16873672
6045774|16873675
6045775|16873676
6045776|16873677
6045777|16873678
6045778|16873679
6045779|16873680
6045780|16873681
6045783|16873684
6045784|16873685
6045785|16873686
6045786|16873687
6045787|16873688
6045788|16873689
6045789|16873690
6045791|16873692
6045796|16873697
6045797|16873698
6045798|16873699
6045799|16873700
6045803|16873703
6045804|16873704
6045805|16873705
6045806|16873706
6045812|16873711
6045814|16873713
6045815|16873714
6045816|16873715
6045817|16873716
6045818|16873717
6045819|16873718
6045822|16873721
6045825|16873724
6045826|16873725
6045827|16873726
6045832|16873731
6045833|16873732
6045837|16873736
6045839|16873738
6045843|16873741
6045844|16873742
6045845|16873743
6045846|16873744
6045847|16873745
6045851|16873749
6045852|16873750
6045854|16873752
6045857|16873755
6045858|16873756
6045859|16873757
6045860|16873758
6045861|16873759
6045862|16873760
6045863|16873761
6045865|16873763
6045866|16873764
6045871|16873768
6045872|16873769
6045873|16873770
6045874|16873771
6045876|16873773
6045878|16873775
6045882|16873779
6045883|16873780
6045884|16873781
6045885|16873782
6045886|16873783
6045889|16873786
6045891|16873788
6045893|16873790
6045895|16873792
6045898|16873795
6045901|16873798
6045902|16873799
6045908|16873805
6045910|16873807
6045912|16873809
6045913|16873810
6045915|16873812
6045917|16873814
6045922|16873819
6045923|16873820
6045926|16873823
6045927|16873824
6045928|16873825
6045929|16873826
6045930|16873827
6045931|16873828
6045933|16873830
6045936|16873833
6045940|16873837
6045941|16873838
6045944|16873841
6045945|16873842
6045947|16873844
6045951|16873848
6045952|16873849
6045955|16873852
6045956|16873853
6045958|16873855
6045959|16873856
6045960|16873857
6045961|16873858
6045962|16873859
6045963|16873860
6045964|16873861
6045965|16873862
6045966|16873863
6045970|16873867
6045971|16873868
6045972|16873869
6045975|16873872
6045976|16873873
6045977|16873874
6045978|16873875
6045979|16873876
6045983|16873880
6045984|16873881
6045985|16873882
6045989|16873886
6045990|16873887
6045991|16873888
6045993|16873890
6045994|16873891
6045996|16873893
6045998|16873895
6046000|16873897
6046001|16873898
6046002|16873899
6046005|16873902
6046008|16873905
6046009|16873906
6046011|16873908
6046012|16873909
6046013|16873910
6046015|16873912
6046016|16873913
6046017|16873914
6046018|16873915
6046019|16873916
6046020|16873917
6046021|16873918
6046022|16873919
6046023|16873920
6046026|16873922
6046027|16873923
6046028|16873924
6046029|16873925
6046030|16873926
6046034|16873930
6046035|16873931
6046039|16873934
6046041|16873936
6046043|16873938
6046045|16873940
6046047|16873942
6046048|16873943
6046052|16873947
6046053|16873948
6046054|16873949
6046055|16873950
6046059|16873954
6046061|16873956
6046062|16873957
6046063|16873958
6046065|16873960
6046067|16873962
6046069|16873964
6046071|16873966
6046072|16873967
6046074|16873969
6046077|16873972
6046079|16873974
6046080|16873975
6046083|16873978
6046084|16873979
6046085|16873980
6046086|16873981
6046087|16873982
6046088|16873983
6046089|16873984
6046090|16873985
6046091|16873986
6046092|16873987
6046094|16873989
6046096|16873991
6046097|16873992
6046098|16873993
6046100|16873995
6046101|16873996
6046102|16873997
6046105|16874000
6046106|16874001
6046107|16874002
6046112|16874007
6046113|16874008
6046114|16874009
6046115|16874010
6046116|16874011
6046119|16874014
6046120|16874015
6046122|16874017
6046123|16874018
6046124|16874019
6046126|16874021
6046127|16874022
6046128|16874023
6046130|16874025
6046137|16874032
6046142|16874037
6046143|16874038
6046144|16874039
6046145|16874040
6046146|16874041
6046147|16874042
6046148|16874043
6046151|16874046
6046152|16874047
6046153|16874048
6046154|16874049
6046155|16874050
6046158|16874053
6046159|16874054
6046160|16874055
6046161|16874056
6046166|16874061
6046167|16874062
6046168|16874063
6046169|16874064
6046170|16874065
6046172|16874067
6046174|16874069
6046177|16874072
6046179|16874074
6046180|16874075
6046181|16874076
6046182|16874077
6046185|16874080
6046186|16874081
6046187|16874082
6046188|16874083
6046190|16874085
6046192|16874087
6046193|16874088
6046194|16874089
6046195|16874090
6046196|16874091
6046197|16874092
6046198|16874093
6046200|16874095
6046201|16874096
6046204|16874099
6046207|16874102
6046208|16874103
6046210|16874105
6046211|16874106
6046212|16874107
6046214|16874109
6046215|16874110
6046217|16874112
6046218|16874113
6046220|16874115
6046223|16874118
6046225|16874120
6046226|16874121
6046229|16874124
6046230|16874125
6046234|16874129
6046236|16874131
6046239|16874134
6046241|16874136
6046242|16874137
6046243|16874138
6046246|16874141
6046247|16874142
6046251|16874146
6046253|16874148
6046258|16874153
6046259|16874154
6046260|16874155
6046261|16874156
6046263|16874158
6046264|16874159
6046265|16874160
6046266|16874161
6046267|16874162
6046271|16874166
6046274|16874169
6046275|16874170
6046279|16874174
6046280|16874175
6046283|16874178
6046284|16874179
6046285|16874180
6046286|16874181
6046290|16874185
6046291|16874186
6046294|16874189
6046295|16874190
6046296|16874191
6046297|16874192
6046299|16874194
6046300|16874195
6046301|16874196
6046302|16874197
6046303|16874198
6046304|16874199
6046308|16874203
6046309|16874204
6046313|16874208
6046315|16874210
6046316|16874211
6046318|16874213
6046321|16874216
6046323|16874218
6046324|16874219
6046325|16874220
6046326|16874221
6046327|16874222
6046328|16874223
6046331|16874226
6046332|16874227
6046333|16874228
6046335|16874230
6046336|16874231
6046337|16874232
6046338|16874233
6046340|16874235
6046342|16874237
6046343|16874238
6046345|16874240
6046348|16874243
6046350|16874245
6046353|16874248
6046354|16874249
6046355|16874250
6046356|16874251
6046357|16874252
6046360|16874255
6046361|16874256
6046363|16874258
6046364|16874259
6046365|16874260
6046366|16874261
6046368|16874263
6046369|16874264
6046371|16874266
6046377|16874272
6046379|16874274
6046380|16874275
6046381|16874276
6046382|16874277
6046383|16874278
6046384|16874279
6046385|16874280
6046388|16874283
6046390|16874285
6046392|16874287
6046393|16874288
6046394|16874289
6046396|16874291
6046398|16874293
6046399|16874294
6046401|16874296
6046402|16874297
6046403|16874298
6046404|16874299
6046407|16874302
6046409|16874304
6046410|16874305
6046411|16874306
6046412|16874307
6046413|16874308
6046414|16874309
6046415|16874310
6046416|16874311
6046417|16874312
6046418|16874313
6046419|16874314
6046420|16874315
6046423|16874318
6046424|16874319
6046425|16874320
6046426|16874321
6046428|16874323
6046430|16874325
6046431|16874326
6046432|16874327
6046433|16874328
6046435|16874330
6046437|16874332
6046438|16874333
6046439|16874334
6046446|16874341
6046447|16874342
6046449|16874344
6046453|16874348
6046454|16874349
6046455|16874350
6046456|16874351
6046457|16874352
6046458|16874353
6046459|16874354
6046460|16874355
6046461|16874356
6046464|16874359
6046465|16874360
6046466|16874361
6046467|16874362
6046471|16874366
6046472|16874367
6046473|16874368
6046474|16874369
6046476|16874371
6046477|16874372
6046478|16874373
6046479|16874374
6046483|16874377
6046484|16874378
6046485|16874379
6046487|16874381
6046489|16874383
6046490|16874384
6046491|16874385
6046493|16874387
6046494|16874388
6046495|16874389
6046496|16874390
6046497|16874391
6046498|16874392
6046499|16874393
6046500|16874394
6046502|16874396
6046503|16874397
6046504|16874398
6046505|16874399
6046506|16874400
6046508|16874402
6046509|16874403
6046510|16874404
6046511|16874405
6046512|16874406
6046513|16874407
6046515|16874409
6046516|16874410
6046517|16874411
6046518|16874412
6046519|16874413
6046520|16874414
6046522|16874416
6046524|16874418
6046527|16874420
6046528|16874421
6046529|16874422
6046530|16874423
6046531|16874424
6046535|16874428
6046536|16874429
6046537|16874430
6046538|16874431
6046540|16874433
6046541|16874434
6046544|16874436
6046545|16874437
6046546|16874438
6046547|16874439
6046548|16874440
6046549|16874441
6046550|16874442
6046551|16874443
6046552|16874444
6046555|16874447
6046556|16874448
6046557|16874449
6046558|16874450
6046559|16874451
6046561|16874453
6046562|16874454
6046563|16874455
6046564|16874456
6046565|16874457
6046566|16874458
6046567|16874459
6046568|16874460
6046570|16874462
6046573|16874465
6046574|16874466
6046575|16874467
6046576|16874468
6046577|16874469
6046579|16874471
6046580|16874472
6046583|16874475
6046584|16874476
6046585|16874477
6046586|16874478
6046587|16874479
6046588|16874480
6046590|16874482
6046591|16874483
6046592|16874484
6046596|16874488
6046598|16874490
6046599|16874491
6046600|16874492
6046602|16874494
6046603|16874495
6046605|16874497
6046607|16874499
6046608|16874500
6046611|16874503
6046614|16874506
6046616|16874508
6046619|16874511
6046621|16874513
6046622|16874514
6046623|16874515
6046626|16874518
6046628|16874520
6046630|16874522
6046632|16874524
6046634|16874526
6046636|16874528
6046637|16874529
6046638|16874530
6046640|16874532
6046642|16874534
6046645|16874537
6046649|16874541
6046651|16874543
6046653|16874545
6046654|16874546
6046655|16874547
6046656|16874548
6046658|16874550
6046660|16874552
6046662|16874554
6046663|16874555
6046664|16874556
6046665|16874557
6046667|16874559
6046668|16874560
6046669|16874561
6046670|16874562
6046671|16874563
6046673|16874565
6046674|16874566
6046676|16874568
6046677|16874569
6046678|16874570
6046679|16874571
6046682|16874574
6046683|16874575
6046684|16874576
6046687|16874579
6046688|16874580
6046689|16874581
6046693|16874585
6046694|16874586
6046695|16874587
6046696|16874588
6046697|16874589
6046700|16874592
6046701|16874593
6046703|16874595
6046704|16874596
6046705|16874597
6046706|16874598
6046707|16874599
6046708|16874600
6046709|16874601
6046710|16874602
6046711|16874603
6046712|16874604
6046713|16874605
6046714|16874606
6046715|16874607
6046716|16874608
6046717|16874609
6046718|16874610
6046720|16874612
6046721|16874613
6046723|16874615
6046724|16874616
6046725|16874617
6046728|16874620
6046729|16874621
6046731|16874623
6046732|16874624
6046734|16874626
6046735|16874627
6046736|16874628
6046737|16874629
6046741|16874633
6046743|16874635
6046745|16874637
6046746|16874638
6046747|16874639
6046749|16874641
6046751|16874643
6046752|16874644
6046753|16874645
6046754|16874646
6046755|16874647
6046756|16874648
6046758|16874650
6046761|16874653
6046763|16874655
6046764|16874656
6046765|16874657
6046766|16874658
6046767|16874659
6046768|16874660
6046769|16874661
6046770|16874662
6046772|16874664
6046773|16874665
6046774|16874666
6046775|16874667
6046777|16874669
6046779|16874671
6046783|16874675
6046788|16874680
6046789|16874681
6046790|16874682
6046791|16874683
6046792|16874684
6046793|16874685
6046795|16874687
6046796|16874688
6046797|16874689
6046798|16874690
6046800|16874692
6046802|16874694
6046803|16874695
6046804|16874696
6046807|16874699
6046808|16874700
6046809|16874701
6046810|16874702
6046811|16874703
6046812|16874704
6046813|16874705
6046814|16874706
6046815|16874707
6046817|16874709
6046820|16874712
6046826|16874718
6046829|16874721
6046830|16874722
6046831|16874723
6046833|16874725
6046834|16874726
6046835|16874727
6046836|16874728
6046837|16874729
6046838|16874730
6046839|16874731
6046841|16874733
6046845|16874737
6046846|16874738
6046848|16874740
6046851|16874743
6046853|16874745
6046855|16874747
6046857|16874749
6046858|16874750
6046859|16874751
6046864|16874756
6046867|16874759
6046869|16874761
6046870|16874762
6046871|16874763
6046875|16874767
6046876|16874768
6046877|16874769
6046878|16874770
6046879|16874771
6046880|16874772
6046881|16874773
6046884|16874776
6046885|16874777
6046887|16874779
6046890|16874782
6046893|16874785
6046896|16874788
6046897|16874789
6046898|16874790
6046899|16874791
6046900|16874792
6046901|16874793
6046904|16874796
6046910|16874802
6046911|16874803
6046914|16874806
6046916|16874808
6046917|16874809
6046918|16874810
6046919|16874811
6046922|16874814
6046924|16874816
6046925|16874817
6046927|16874819
6046928|16874820
6046929|16874821
6046931|16874823
6046932|16874824
6046933|16874825
6046935|16874827
6046938|16874830
6046939|16874831
6046941|16874833
6046942|16874834
6046943|16874835
6046944|16874836
6046945|16874837
6046946|16874838
6046948|16874840
6046949|16874841
6046951|16874843
6046952|16874844
6046954|16874846
6046957|16874849
6046958|16874850
6046959|16874851
6046961|16874853
6046962|16874854
6046967|16874859
6046969|16874861
6046973|16874865
6046974|16874866
6046979|16874871
6046980|16874872
6046981|16874873
6046982|16874874
6046983|16874875
6046984|16874876
6046986|16874878
6046988|16874880
6046989|16874881
6046990|16874882
6046991|16874883
6046992|16874884
6046993|16874885
6046996|16874888
6046998|16874890
6046999|16874891
6047004|16874896
6047007|16874899
6047008|16874900
6047009|16874901
6047011|16874903
6047012|16874904
6047014|16874906
6047015|16874907
6047016|16874908
6047019|16874911
6047020|16874912
6047025|16874917
6047027|16874918
6047028|16874919
6047029|16874920
6047030|16874921
6047034|16874925
6047035|16874926
6047036|16874927
6047037|16874928
6047039|16874930
6047041|16874932
6047042|16874933
6047043|16874934
6047044|16874935
6047046|16874937
6047047|16874938
6047048|16874939
6047049|16874940
6047051|16874942
6047052|16874943
6047054|16874945
6047057|16874948
6047058|16874949
6047059|16874950
6047060|16874951
6047064|16874955
6047065|16874956
6047066|16874957
6047067|16874958
6047070|16874961
6047071|16874962
6047073|16874964
6047074|16874965
6047075|16874966
6047076|16874967
6047079|16874970
6047080|16874971
6047081|16874972
6047082|16874973
6047085|16874976
6047086|16874977
6047088|16874979
6047089|16874980
6047090|16874981
6047091|16874982
6047092|16874983
6047094|16874985
6047098|16874989
6047100|16874991
6047103|16874994
6047104|16874995
6047105|16874996
6047108|16874999
6047113|16875004
6047114|16875005
6047115|16875006
6047116|16875007
6047117|16875008
6047120|16875011
6047125|16875016
6047127|16875018
6047128|16875019
6047129|16875020
6047130|16875021
6047131|16875022
6047132|16875023
6047133|16875024
6047134|16875025
6047135|16875026
6047136|16875027
6047138|16875029
6047140|16875031
6047141|16875032
6047142|16875033
6047143|16875034
6047146|16875037
6047147|16875038
6047149|16875040
6047153|16875044
6047155|16875046
6047156|16875047
6047160|16875050
6047163|16875053
6047166|16875056
6047168|16875058
6047169|16875059
6047170|16875060
6047171|16875061
6047173|16875063
6047176|16875065
6047177|16875066
6047179|16875068
6047180|16875069
6047182|16875071
6047185|16875074
6047186|16875075
6047188|16875077
6047189|16875078
6047191|16875080
6047195|16875084
6047199|16875088
6047200|16875089
6047204|16875093
6047206|16875095
6047209|16875098
6047210|16875099
6047220|16875109
6047221|16875110
6047224|16875112
6047225|16875113
6047226|16875114
6047227|16875115
6047229|16875117
6047230|16875118
6047232|16875120
6047236|16875124
6047237|16875125
6047238|16875126
6047240|16875128
6047243|16875130
6047244|16875131
6047246|16875133
6047249|16875136
6047255|16875142
6047256|16875143
6047257|16875144
6047258|16875145
6047260|16875147
6047261|16875148
6047262|16875149
6047264|16875151
6047265|16875152
6047266|16875153
6047269|16875156
6047271|16875158
6047275|16875161
6047276|16875162
6047278|16875164
6047279|16875165
6047280|16875166
6047281|16875167
6047282|16875168
6047283|16875169
6047284|16875170
6047288|16875174
6047289|16875175
6047291|16875177
6047292|16875178
6047293|16875179
6047295|16875181
6047296|16875182
6047297|16875183
6047298|16875184
6047299|16875185
6047300|16875186
6047301|16875187
6047303|16875189
6047304|16875190
6047305|16875191
6047306|16875192
6047307|16875193
6047310|16875195
6047312|16875197
6047313|16875198
6047314|16875199
6047315|16875200
6047316|16875201
6047320|16875204
6047321|16875205
6047324|16875208
6047325|16875209
6047326|16875210
6047330|16875214
6047331|16875215
6047332|16875216
6047333|16875217
6047334|16875218
6047337|16875221
6047341|16875224
6047344|16875226
6047345|16875227
6047346|16875228
6047347|16875229
6047349|16875231
6047350|16875232
6047351|16875233
6047352|16875234
6047353|16875235
6047354|16875236
6047356|16875238
6047357|16875239
6047358|16875240
6047359|16875241
6047360|16875242
6047361|16875243
6047363|16875245
6047364|16875246
6047369|16875251
6047370|16875252
6047371|16875253
6047375|16875257
6047377|16875259
6047381|16875263
6047382|16875264
6047384|16875266
6047385|16875267
6047387|16875269
6047389|16875271
6047391|16875273
6047392|16875274
6047395|16875277
6047396|16875278
6047398|16875280
6047399|16875281
6047400|16875282
6047402|16875284
6047403|16875285
6047404|16875286
6047406|16875288
6047407|16875289
6047408|16875290
6047409|16875291
6047411|16875293
6047412|16875294
6047413|16875295
6047414|16875296
6047415|16875297
6047416|16875298
6047417|16875299
6047418|16875300
6047419|16875301
6047421|16875303
6047424|16875306
6047425|16875307
6047427|16875309
6047428|16875310
6047429|16875311
6047430|16875312
6047431|16875313
6047432|16875314
6047433|16875315
6047434|16875316
6047436|16875318
6047438|16875320
6047441|16875323
6047442|16875324
6047444|16875326
6047445|16875327
6047446|16875328
6047447|16875329
6047450|16875332
6047451|16875333
6047452|16875334
6047453|16875335
6047454|16875336
6047455|16875337
6047456|16875338
6047457|16875339
6047459|16875341
6047463|16875344
6047464|16875345
6047467|16875348
6047468|16875349
6047469|16875350
6047471|16875352
6047472|16875353
6047474|16875355
6047475|16875356
6047476|16875357
6047479|16875360
6047480|16875361
6047481|16875362
6047482|16875363
6047484|16875365
6047485|16875366
6047487|16875368
6047488|16875369
6047489|16875370
6047490|16875371
6047494|16875375
6047495|16875376
6047498|16875379
6047499|16875380
6047500|16875381
6047502|16875383
6047504|16875385
6047505|16875386
6047506|16875387
6047508|16875389
6047509|16875390
6047510|16875391
6047513|16875394
6047514|16875395
6047515|16875396
6047516|16875397
6047518|16875399
6047520|16875401
6047521|16875402
6047522|16875403
6047523|16875404
6047524|16875405
6047525|16875406
6047526|16875407
6047527|16875408
6047528|16875409
6047529|16875410
6047530|16875411
6047533|16875414
6047534|16875415
6047535|16875416
6047537|16875418
6047538|16875419
6047543|16875424
6047545|16875426
6047546|16875427
6047547|16875428
6047548|16875429
6047549|16875430
6047551|16875432
6047552|16875433
6047554|16875435
6047555|16875436
6047556|16875437
6047560|16875441
6047562|16875443
6047563|16875444
6047565|16875446
6047567|16875448
6047569|16875450
6047570|16875451
6047571|16875452
6047572|16875453
6047575|16875456
6047576|16875457
6047577|16875458
6047578|16875459
6047579|16875460
6047580|16875461
6047581|16875462
6047583|16875464
6047586|16875467
6047588|16875469
6047589|16875470
6047590|16875471
6047591|16875472
6047592|16875473
6047593|16875474
6047594|16875475
6047595|16875476
6047596|16875477
6047597|16875478
6047600|16875481
6047601|16875482
6047602|16875483
6047604|16875485
6047605|16875486
6047606|16875487
6047607|16875488
6047610|16875490
6047611|16875491
6047613|16875493
6047617|16875496
6047618|16875497
6047619|16875498
6047620|16875499
6047622|16875501
6047624|16875503
6047625|16875504
6047626|16875505
6047628|16875507
6047629|16875508
6047630|16875509
6047631|16875510
6047632|16875511
6047633|16875512
6047635|16875514
6047636|16875515
6047639|16875518
6047640|16875519
6047642|16875521
6047643|16875522
6047646|16875525
6047647|16875526
6047649|16875528
6047651|16875530
6047652|16875531
6047653|16875532
6047654|16875533
6047656|16875535
6047657|16875536
6047659|16875538
6047665|16875544
6047666|16875545
6047667|16875546
6047668|16875547
6047669|16875548
6047672|16875551
6047673|16875552
6047674|16875553
6047675|16875554
6047676|16875555
6047677|16875556
6047678|16875557
6047679|16875558
6047680|16875559
6047683|16875562
6047684|16875563
6047685|16875564
6047690|16875569
6047691|16875570
6047693|16875572
6047700|16875578
6047704|16875582
6047705|16875583
6047706|16875584
6047710|16875588
6047711|16875589
6047712|16875590
6047714|16875592
6047715|16875593
6047717|16875595
6047718|16875596
6047721|16875599
6047722|16875600
6047724|16875602
6047725|16875603
6047726|16875604
6047729|16875607
6047730|16875608
6047731|16875609
6047735|16875613
6047738|16875616
6047739|16875617
6047740|16875618
6047741|16875619
6047743|16875621
6047744|16875622
6047745|16875623
6047748|16875626
6047754|16875631
6047756|16875633
6047757|16875634
6047759|16875636
6047760|16875637
6047764|16875641
6047765|16875642
6047766|16875643
6047768|16875645
6047771|16875648
6047772|16875649
6047773|16875650
6047775|16875652
6047776|16875653
6047778|16875655
6047779|16875655
6047780|16875656
6047781|16875657
6047782|16875658
6047785|16875661
6047788|16875664
6047791|16875667
6047793|16875669
6047794|16875670
6047795|16875671
6047797|16875673
6047800|16875676
6047803|16875679
6047804|16875680
6047805|16875681
6047807|16875683
6047813|16875689
6047817|16875693
6047818|16875694
6047823|16875699
6047824|16875700
6047825|16875701
6047826|16875702
6047830|16875706
6047831|16875707
6047834|16875710
6047835|16875711
6047837|16875713
6047839|16875715
6047840|16875716
6047841|16875717
6047842|16875718
6047843|16875719
6047844|16875720
6047845|16875721
6047848|16875724
6047852|16875728
6047853|16875729
6047854|16875730
6047858|16875734
6047860|16875736
6047861|16875737
6047862|16875738
6047863|16875739
6047865|16875741
6047868|16875744
6047870|16875746
6047871|16875747
6047872|16875748
6047874|16875750
6047877|16875753
6047878|16875754
6047880|16875756
6047881|16875757
6047883|16875759
6047886|16875762
6047887|16875763
6047890|16875766
6047892|16875768
6047894|16875770
6047896|16875772
6047897|16875773
6047898|16875774
6047899|16875775
6047903|16875779
6047904|16875780
6047906|16875782
6047907|16875783
6047908|16875784
6047910|16875786
6047911|16875787
6047912|16875788
6047913|16875789
6047918|16875794
6047919|16875795
6047920|16875796
6047927|16875803
6047930|16875806
6047933|16875809
6047934|16875810
6047935|16875811
6047938|16875814
6047941|16875817
6047942|16875818
6047945|16875821
6047946|16875822
6047947|16875823
6047950|16875826
6047951|16875827
6047954|16875829
6047955|16875830
6047956|16875831
6047959|16875834
6047964|16875839
6047965|16875840
6047966|16875841
6047967|16875842
6047968|16875843
6047970|16875845
6047971|16875846
6047972|16875847
6047977|16875852
6047978|16875853
6047980|16875855
6047981|16875856
6047983|16875858
6047984|16875859
6047986|16875861
6047990|16875865
6047992|16875867
6047993|16875868
6047994|16875869
6047995|16875870
6047996|16875871
6047997|16875872
6048001|16875876
6048003|16875878
6048005|16875880
6048006|16875881
6048007|16875882
6048011|16875885
6048013|16875887
6048015|16875889
6048016|16875890
6048017|16875891
6048019|16875893
6048020|16875894
6048021|16875895
6048022|16875896
6048023|16875897
6048025|16875899
6048027|16875901
6048029|16875903
6048032|16875906
6048034|16875908
6048035|16875909
6048037|16875911
6048038|16875912
6048039|16875913
6048040|16875914
6048041|16875915
6048045|16875919
6048046|16875920
6048047|16875921
6048049|16875923
6048050|16875924
6048051|16875925
6048052|16875926
6048056|16875930
6048058|16875932
6048062|16875936
6048064|16875938
6048065|16875939
6048066|16875940
6048068|16875942
6048069|16875943
6048071|16875945
6048072|16875946
6048074|16875948
6048075|16875949
6048076|16875950
6048078|16875952
6048081|16875955
6048082|16875956
6048088|16875962
6048089|16875963
6048090|16875964
6048091|16875965
6048092|16875966
6048094|16875968
6048095|16875969
6048097|16875971
6048098|16875972
6048100|16875974
6048102|16875976
6048105|16875979
6048106|16875980
6048107|16875981
6048108|16875982
6048111|16875985
6048112|16875986
6048113|16875987
6048114|16875988
6048115|16875989
6048118|16875992
6048122|16875996
6048124|16875998
6048125|16875999
6048127|16876001
6048128|16876002
6048131|16876005
6048135|16876009
6048136|16876010
6048137|16876011
6048138|16876012
6048139|16876013
6048140|16876014
6048142|16876016
6048143|16876017
6048144|16876018
6048145|16876019
6048146|16876020
6048148|16876022
6048150|16876024
6048157|16876031
6048158|16876032
6048160|16876034
6048161|16876035
6048163|16876037
6048165|16876039
6048166|16876040
6048167|16876041
6048170|16876044
6048174|16876048
6048175|16876049
6048177|16876051
6048178|16876052
6048179|16876053
6048180|16876054
6048181|16876055
6048184|16876058
6048185|16876059
6048188|16876062
6048189|16876063
6048192|16876066
6048196|16876070
6048197|16876071
6048200|16876074
6048201|16876075
6048203|16876077
6048204|16876078
6048205|16876079
6048206|16876080
6048207|16876081
6048209|16876083
6048210|16876084
6048211|16876085
6048212|16876086
6048214|16876088
6048215|16876089
6048220|16876094
6048223|16876097
6048226|16876100
6048227|16876101
6048228|16876102
6048229|16876103
6048230|16876104
6048231|16876105
6048232|16876106
6048233|16876107
6048234|16876108
6048238|16876111
6048239|16876112
6048241|16876114
6048242|16876115
6048244|16876117
6048245|16876118
6048247|16876120
6048248|16876121
6048249|16876122
6048253|16876126
6048255|16876128
6048256|16876129
6048257|16876130
6048260|16876133
6048261|16876134
6048262|16876135
6048263|16876136
6048266|16876139
6048267|16876140
6048268|16876141
6048269|16876142
6048270|16876143
6048275|16876148
6048277|16876150
6048278|16876151
6048279|16876152
6048280|16876153
6048281|16876154
6048282|16876155
6048283|16876156
6048287|16876160
6048288|16876161
6048289|16876162
6048292|16876165
6048295|16876168
6048296|16876169
6048300|16876173
6048301|16876174
6048302|16876175
6048304|16876177
6048305|16876178
6048307|16876180
6048308|16876181
6048309|16876182
6048310|16876183
6048311|16876184
6048313|16876186
6048315|16876188
6048317|16876190
6048318|16876191
6048319|16876192
6048321|16876194
6048322|16876195
6048326|16876198
6048327|16876199
6048330|16876202
6048331|16876203
6048332|16876204
6048334|16876206
6048335|16876207
6048336|16876208
6048337|16876209
6048339|16876211
6048342|16876214
6048343|16876215
6048344|16876216
6048345|16876217
6048346|16876218
6048347|16876219
6048350|16876222
6048351|16876223
6048352|16876224
6048353|16876225
6048354|16876226
6048355|16876227
6048356|16876228
6048357|16876229
6048360|16876231
6048361|16876232
6048362|16876233
6048364|16876235
6048365|16876236
6048366|16876237
6048368|16876239
6048374|16876245
6048380|16876250
6048382|16876252
6048383|16876253
6048384|16876254
6048385|16876255
6048386|16876256
6048388|16876258
6048389|16876259
6048390|16876260
6048395|16876263
6048396|16876264
6048398|16876266
6048399|16876267
6048401|16876269
6048403|16876271
6048405|16876273
6048406|16876274
6048407|16876275
6048408|16876276
6048410|16876278
6048411|16876279
6048413|16876281
6048415|16876283
6048416|16876284
6048418|16876286
6048419|16876287
6048420|16876288
6048421|16876289
6048426|16876293
6048427|16876294
6048428|16876295
6048430|16876297
6048431|16876298
6048432|16876299
6048434|16876301
6048435|16876302
6048436|16876303
6048438|16876305
6048439|16876306
6048440|16876307
6048441|16876308
6048442|16876309
6048443|16876310
6048444|16876311
6048447|16876314
6048448|16876315
6048450|16876317
6048452|16876319
6048453|16876320
6048456|16876323
6048458|16876325
6048459|16876326
6048460|16876327
6048461|16876328
6048462|16876329
6048463|16876330
6048464|16876331
6048466|16876333
6048467|16876334
6048468|16876335
6048469|16876336
6048471|16876338
6048472|16876339
6048475|16876342
6048476|16876343
6048477|16876344
6048479|16876346
6048480|16876347
6048481|16876348
6048484|16876351
6048488|16876355
6048489|16876356
6048491|16876358
6048492|16876359
6048493|16876360
6048496|16876363
6048498|16876365
6048499|16876366
6048501|16876368
6048502|16876369
6048505|16876372
6048506|16876373
6048507|16876374
6048508|16876375
6048512|16876379
6048513|16876380
6048515|16876382
6048516|16876383
6048519|16876386
6048521|16876388
6048522|16876389
6048524|16876391
6048525|16876392
6048528|16876395
6048529|16876396
6048530|16876397
6048531|16876398
6048532|16876399
6048534|16876401
6048535|16876402
6048538|16876405
6048540|16876407
6048541|16876408
6048542|16876409
6048543|16876410
6048547|16876414
6048548|16876415
6048549|16876416
6048552|16876419
6048554|16876421
6048555|16876422
6048556|16876423
6048557|16876424
6048562|16876429
6048563|16876430
6048565|16876432
6048566|16876433
6048567|16876434
6048568|16876435
6048569|16876436
6048571|16876438
6048572|16876439
6048573|16876440
6048578|16876445
6048581|16876448
6048582|16876449
6048584|16876451
6048586|16876453
6048589|16876456
6048590|16876457
6048591|16876458
6048592|16876459
6048593|16876460
6048595|16876462
6048596|16876463
6048598|16876465
6048600|16876467
6048601|16876468
6048602|16876469
6048603|16876470
6048604|16876471
6048605|16876472
6048606|16876473
6048609|16876476
6048610|16876477
6048611|16876478
6048612|16876479
6048613|16876480
6048614|16876481
6048615|16876482
6048616|16876483
6048617|16876484
6048619|16876486
6048620|16876487
6048621|16876488
6048622|16876489
6048624|16876491
6048628|16876494
6048629|16876495
6048630|16876496
6048631|16876497
6048632|16876498
6048633|16876499
6048635|16876501
6048640|16876506
6048641|16876507
6048642|16876508
6048643|16876509
6048644|16876510
6048645|16876511
6048646|16876512
6048647|16876513
6048648|16876514
6048649|16876515
6048650|16876516
6048651|16876517
6048652|16876518
6048653|16876519
6048655|16876521
6048656|16876522
6048657|16876523
6048658|16876524
6048661|16876527
6048663|16876529
6048665|16876531
6048666|16876532
6048667|16876533
6048668|16876534
6048669|16876535
6048670|16876536
6048671|16876537
6048673|16876539
6048674|16876540
6048677|16876543
6048678|16876544
6048679|16876545
6048680|16876546
6048681|16876547
6048684|16876550
6048685|16876551
6048687|16876553
6048688|16876554
6048689|16876555
6048692|16876557
6048693|16876558
6048694|16876559
6048695|16876560
6048699|16876564
6048700|16876565
6048702|16876567
6048703|16876568
6048704|16876569
6048706|16876571
6048707|16876572
6048710|16876575
6048712|16876577
6048714|16876579
6048715|16876580
6048716|16876581
6048717|16876582
6048718|16876583
6048719|16876584
6048720|16876585
6048724|16876589
6048725|16876590
6048726|16876591
6048727|16876592
6048728|16876593
6048730|16876595
6048731|16876596
6048734|16876599
6048737|16876602
6048739|16876604
6048740|16876605
6048741|16876606
6048745|16876610
6048748|16876613
6048749|16876614
6048751|16876616
6048756|16876621
6048758|16876623
6048761|16876626
6048762|16876627
6048764|16876629
6048765|16876630
6048766|16876631
6048767|16876632
6048769|16876634
6048770|16876635
6048773|16876638
6048775|16876640
6048778|16876643
6048779|16876644
6048780|16876645
6048782|16876647
6048784|16876649
6048786|16876651
6048787|16876652
6048788|16876653
6048790|16876655
6048791|16876656
6048793|16876658
6048796|16876661
6048797|16876662
6048798|16876663
6048799|16876664
6048800|16876665
6048801|16876666
6048802|16876667
6048804|16876669
6048808|16876673
6048809|16876674
6048810|16876675
6048813|16876678
6048815|16876680
6048816|16876681
6048818|16876683
6048821|16876686
6048823|16876688
6048825|16876690
6048827|16876692
6048828|16876693
6048830|16876695
6048831|16876696
6048832|16876697
6048833|16876698
6048835|16876700
6048836|16876701
6048839|16876704
6048840|16876705
6048844|16876709
6048849|16876714
6048851|16876716
6048852|16876717
6048853|16876718
6048854|16876719
6048856|16876721
6048857|16876722
6048858|16876723
6048859|16876724
6048861|16876726
6048862|16876727
6048863|16876728
6048864|16876729
6048865|16876730
6048867|16876732
6048870|16876735
6048871|16876736
6048872|16876737
6048873|16876738
6048874|16876739
6048878|16876743
6048880|16876745
6048882|16876747
6048886|16876751
6048887|16876752
6048889|16876754
6048890|16876755
6048891|16876756
6048892|16876757
6048894|16876759
6048896|16876761
6048897|16876762
6048898|16876763
6048902|16876767
6048903|16876768
6048904|16876769
6048906|16876771
6048907|16876772
6048908|16876773
6048910|16876775
6048911|16876776
6048912|16876777
6048913|16876778
6048914|16876779
6048917|16876782
6048918|16876783
6048919|16876784
6048921|16876786
6048922|16876786
6048923|16876787
6048924|16876788
6048925|16876789
6048926|16876790
6048928|16876792
6048929|16876793
6048930|16876794
6048931|16876795
6048933|16876796
6048937|16876800
6048939|16876802
6048940|16876803
6048944|16876807
6048945|16876808
6048946|16876809
6048949|16876812
6048950|16876813
6048951|16876814
6048952|16876815
6048954|16876817
6048955|16876818
6048958|16876821
6048967|16876830
6048968|16876831
6048969|16876832
6048971|16876834
6048973|16876836
6048974|16876837
6048975|16876838
6048976|16876839
6048978|16876841
6048979|16876842
6048981|16876844
6048985|16876848
6048986|16876849
6048987|16876850
6048989|16876852
6048992|16876855
6048993|16876856
6048994|16876857
6048995|16876858
6048996|16876859
6048999|16876862
6049002|16876865
6049003|16876866
6049004|16876867
6049005|16876868
6049006|16876869
6049007|16876870
6049009|16876872
6049010|16876873
6049011|16876874
6049012|16876875
6049015|16876878
6049016|16876879
6049019|16876882
6049020|16876883
6049024|16876887
6049026|16876889
6049027|16876890
6049029|16876892
6049030|16876893
6049031|16876894
6049032|16876895
6049035|16876898
6049037|16876900
6049040|16876903
6049044|16876907
6049045|16876908
6049046|16876909
6049049|16876912
6049051|16876914
6049052|16876915
6049054|16876917
6049055|16876918
6049057|16876920
6049058|16876921
6049059|16876922
6049062|16876925
6049065|16876928
6049066|16876929
6049067|16876930
6049068|16876931
6049069|16876932
6049070|16876933
6049072|16876935
6049073|16876936
6049075|16876938
6049076|16876939
6049077|16876940
6049078|16876941
6049082|16876945
6049084|16876947
6049085|16876948
6049087|16876950
6049088|16876951
6049089|16876952
6049091|16876954
6049095|16876958
6049096|16876959
6049097|16876960
6049099|16876962
6049100|16876963
6049101|16876964
6049102|16876965
6049103|16876966
6049104|16876967
6049105|16876968
6049107|16876970
6049108|16876971
6049111|16876974
6049112|16876975
6049113|16876976
6049114|16876977
6049117|16876980
6049122|16876985
6049124|16876987
6049126|16876989
6049127|16876990
6049128|16876991
6049129|16876992
6049130|16876993
6049131|16876994
6049134|16876997
6049135|16876998
6049136|16876999
6049141|16877004
6049143|16877006
6049144|16877007
6049146|16877009
6049147|16877010
6049149|16877012
6049152|16877015
6049153|16877016
6049156|16877019
6049157|16877020
6049159|16877022
6049161|16877024
6049162|16877025
6049163|16877026
6049166|16877029
6049168|16877031
6049169|16877032
6049171|16877034
6049172|16877035
6049174|16877037
6049175|16877038
6049177|16877040
6049179|16877042
6049181|16877044
6049184|16877047
6049186|16877049
6049187|16877050
6049188|16877051
6049190|16877053
6049191|16877054
6049193|16877056
6049194|16877057
6049197|16877060
6049198|16877061
6049200|16877063
6049202|16877065
6049204|16877067
6049207|16877070
6049209|16877072
6049210|16877073
6049211|16877074
6049212|16877075
6049215|16877078
6049216|16877079
6049217|16877080
6049218|16877081
6049223|16877086
6049227|16877090
6049229|16877092
6049232|16877094
6049233|16877095
6049236|16877098
6049240|16877101
6049241|16877102
6049246|16877107
6049247|16877108
6049248|16877109
6049249|16877110
6049251|16877112
6049252|16877113
6049253|16877114
6049255|16877116
6049256|16877117
6049257|16877118
6049258|16877119
6049260|16877121
6049261|16877122
6049262|16877123
6049263|16877124
6049265|16877126
6049266|16877127
6049268|16877129
6049269|16877130
6049270|16877131
6049272|16877133
6049273|16877134
6049274|16877135
6049277|16877138
6049278|16877139
6049279|16877140
6049280|16877141
6049284|16877144
6049285|16877145
6049287|16877147
6049291|16877151
6049292|16877152
6049295|16877155
6049296|16877156
6049298|16877158
6049299|16877159
6049300|16877160
6049301|16877161
6049302|16877162
6049303|16877163
6049305|16877165
6049307|16877167
6049308|16877168
6049311|16877171
6049313|16877173
6049315|16877175
6049316|16877176
6049318|16877178
6049321|16877181
6049322|16877182
6049324|16877184
6049325|16877185
6049326|16877186
6049327|16877187
6049328|16877188
6049329|16877189
6049330|16877190
6049331|16877191
6049332|16877192
6049333|16877193
6049337|16877197
6049338|16877198
6049341|16877201
6049344|16877204
6049350|16877210
6049351|16877211
6049352|16877212
6049354|16877214
6049356|16877216
6049359|16877219
6049360|16877220
6049362|16877222
6049365|16877225
6049366|16877226
6049367|16877227
6049371|16877231
6049372|16877232
6049378|16877237
6049379|16877238
6049381|16877240
6049382|16877241
6049383|16877242
6049385|16877244
6049386|16877245
6049387|16877246
6049388|16877247
6049390|16877249
6049393|16877252
6049394|16877253
6049395|16877254
6049397|16877256
6049398|16877257
6049399|16877258
6049400|16877259
6049402|16877261
6049404|16877263
6049405|16877263
6049406|16877264
6049408|16877266
6049410|16877268
6049416|16877274
6049417|16877275
6049421|16877279
6049422|16877280
6049423|16877281
6049424|16877282
6049425|16877283
6049427|16877285
6049429|16877287
6049432|16877290
6049434|16877292
6049436|16877294
6049440|16877298
6049444|16877302
6049448|16877305
6049450|16877307
6049451|16877308
6049453|16877310
6049463|16877320
6049465|16877322
6049469|16877326
6049471|16877328
6049476|16877332
6049477|16877333
6049480|16877336
6049482|16877338
6049483|16877339
6049486|16877341
6049487|16877342
6049490|16877345
6049493|16877348
6049495|16877350
6049500|16877355
6049501|16877356
6049504|16877359
6049505|16877360
6049506|16877361
6049507|16877362
6049508|16877363
6049509|16877364
6049514|16877369
6049516|16877371
6049522|16877377
6049523|16877378
6049524|16877379
6049527|16877381
6049528|16877382
6049531|16877385
6049532|16877386
6049533|16877387
6049534|16877388
6049536|16877390
6049537|16877391
6049538|16877392
6049539|16877393
6049540|16877394
6049548|16877401
6049549|16877402
6049550|16877403
6049551|16877404
6049552|16877405
6049556|16877409
6049557|16877410
6049560|16877413
6049561|16877414
6049565|16877418
6049566|16877419
6049567|16877420
6049568|16877421
6049570|16877423
6049571|16877424
6049573|16877426
6049574|16877427
6049577|16877430
6049578|16877431
6049579|16877432
6049580|16877433
6049582|16877435
6049583|16877436
6049584|16877437
6049588|16877441
6049590|16877443
6049592|16877445
6049593|16877446
6049594|16877447
6049595|16877448
6049596|16877449
6049597|16877450
6049600|16877453
6049601|16877454
6049602|16877455
6049603|16877456
6049605|16877458
6049608|16877461
6049609|16877462
6049610|16877463
6049613|16877466
6049614|16877467
6049615|16877468
6049616|16877469
6049617|16877470
6049619|16877472
6049621|16877474
6049622|16877475
6049623|16877476
6049624|16877477
6049626|16877479
6049628|16877481
6049629|16877482
6049631|16877484
6049634|16877487
6049635|16877488
6049637|16877490
6049639|16877492
6049641|16877494
6049642|16877495
6049643|16877496
6049644|16877497
6049645|16877498
6049647|16877500
6049648|16877501
6049649|16877502
6049651|16877504
6049652|16877505
6049653|16877506
6049657|16877509
6049659|16877511
6049660|16877512
6049661|16877513
6049662|16877514
6049663|16877515
6049665|16877517
6049666|16877518
6049669|16877520
6049672|16877523
6049674|16877525
6049677|16877528
6049681|16877532
6049682|16877533
6049684|16877535
6049686|16877537
6049687|16877538
6049692|16877543
6049693|16877544
6049696|16877547
6049700|16877550
6049702|16877552
6049703|16877553
6049705|16877555
6049709|16877559
6049711|16877561
6049713|16877563
6049714|16877564
6049715|16877565
6049716|16877566
6049717|16877567
6049720|16877570
6049722|16877572
6049723|16877573
6049724|16877574
6049729|16877579
6049730|16877580
6049732|16877582
6049733|16877583
6049735|16877585
6049737|16877587
6049740|16877590
6049742|16877592
6049743|16877593
6049744|16877594
6049745|16877595
6049747|16877597
6049749|16877599
6049750|16877600
6049751|16877601
6049752|16877602
6049753|16877603
6049754|16877604
6049755|16877605
6049757|16877607
6049758|16877608
6049760|16877610
6049761|16877611
6049764|16877614
6049765|16877615
6049769|16877619
6049770|16877620
6049772|16877622
6049773|16877623
6049775|16877625
6049776|16877626
6049778|16877628
6049779|16877629
6049780|16877630
6049781|16877631
6049785|16877635
6049786|16877636
6049788|16877638
6049789|16877639
6049791|16877641
6049792|16877642
6049797|16877647
6049798|16877648
6049799|16877649
6049801|16877651
6049805|16877655
6049807|16877657
6049808|16877658
6049809|16877659
6049810|16877660
6049811|16877661
6049812|16877662
6049813|16877663
6049815|16877665
6049816|16877666
6049819|16877669
6049820|16877670
6049821|16877671
6049827|16877677
6049829|16877679
6049830|16877680
6049831|16877681
6049833|16877683
6049835|16877685
6049837|16877687
6049838|16877688
6049839|16877689
6049842|16877692
6049843|16877693
6049844|16877694
6049846|16877696
6049849|16877699
6049854|16877703
6049860|16877708
6049861|16877709
6049862|16877710
6049863|16877711
6049864|16877712
6049866|16877714
6049868|16877716
6049869|16877717
6049871|16877719
6049875|16877723
6049876|16877724
6049878|16877726
6049879|16877727
6049880|16877728
6049881|16877729
6049882|16877730
6049883|16877731
6049885|16877733
6049887|16877735
6049889|16877737
6049892|16877739
6049896|16877743
6049897|16877744
6049898|16877745
6049901|16877748
6049902|16877749
6049903|16877750
6049906|16877752
6049907|16877753
6049908|16877754
6049910|16877756
6049911|16877757
6049913|16877759
6049914|16877760
6049915|16877761
6049918|16877764
6049919|16877765
6049921|16877767
6049922|16877768
6049923|16877769
6049924|16877770
6049925|16877771
6049927|16877773
6049929|16877775
6049930|16877776
6049931|16877777
6049932|16877778
6049933|16877779
6049935|16877781
6049936|16877782
6049938|16877784
6049939|16877785
6049941|16877787
6049943|16877789
6049944|16877790
6049946|16877792
6049948|16877794
6049952|16877797
6049954|16877799
6049955|16877800
6049957|16877802
6049958|16877803
6049959|16877804
6049961|16877806
6049963|16877808
6049968|16877813
6049969|16877814
6049970|16877815
6049973|16877818
6049974|16877819
6049975|16877820
6049977|16877822
6049980|16877825
6049981|16877826
6049985|16877830
6049991|16877836
6049993|16877838
6049995|16877840
6049997|16877842
6050001|16877846
6050004|16877849
6050005|16877850
6050006|16877851
6050007|16877852
6050008|16877853
6050009|16877854
6050010|16877855
6050014|16877859
6050015|16877860
6050016|16877861
6050017|16877862
6050019|16877864
6050020|16877865
6050021|16877866
6050024|16877869
6050025|16877870
6050028|16877873
6050029|16877874
6050030|16877875
6050031|16877876
6050032|16877877
6050035|16877880
6050036|16877881
6050037|16877882
6050038|16877883
6050040|16877885
6050042|16877887
6050044|16877889
6050046|16877891
6050048|16877893
6050049|16877894
6050054|16877899
6050057|16877902
6050059|16877904
6050060|16877905
6050061|16877906
6050063|16877908
6050064|16877909
6050065|16877910
6050066|16877911
6050067|16877912
6050068|16877913
6050071|16877916
6050073|16877918
6050074|16877919
6050075|16877920
6050076|16877921
6050078|16877923
6050079|16877924
6050082|16877927
6050083|16877928
6050084|16877929
6050086|16877931
6050087|16877932
6050088|16877933
6050091|16877936
6050092|16877937
6050093|16877938
6050098|16877943
6050103|16877948
6050106|16877951
6050107|16877952
6050108|16877953
6050111|16877956
6050112|16877957
6050114|16877959
6050115|16877960
6050116|16877961
6050117|16877962
6050118|16877963
6050119|16877964
6050121|16877966
6050123|16877968
6050124|16877969
6050126|16877971
6050128|16877973
6050129|16877974
6050131|16877976
6050132|16877977
6050134|16877979
6050136|16877981
6050137|16877982
6050138|16877983
6050139|16877984
6050143|16877988
6050144|16877989
6050146|16877991
6050147|16877992
6050148|16877993
6050149|16877994
6050152|16877997
6050153|16877998
6050154|16877999
6050156|16878001
6050157|16878002
6050158|16878003
6050160|16878005
6050162|16878007
6050163|16878008
6050164|16878009
6050165|16878010
6050166|16878011
6050167|16878012
6050168|16878013
6050169|16878014
6050170|16878015
6050173|16878018
6050174|16878019
6050175|16878020
6050176|16878021
6050177|16878022
6050179|16878024
6050180|16878025
6050182|16878027
6050183|16878028
6050185|16878030
6050187|16878032
6050189|16878034
6050191|16878036
6050192|16878037
6050194|16878039
6050199|16878043
6050200|16878044
6050202|16878046
6050203|16878047
6050204|16878048
6050206|16878050
6050207|16878051
6050208|16878052
6050210|16878054
6050213|16878057
6050214|16878058
6050215|16878059
6050216|16878060
6050217|16878061
6050218|16878062
6050220|16878064
6050222|16878066
6050226|16878070
6050229|16878073
6050231|16878075
6050233|16878077
6050234|16878078
6050236|16878080
6050237|16878081
6050238|16878082
6050239|16878083
6050240|16878084
6050244|16878088
6050245|16878089
6050247|16878091
6050248|16878092
6050249|16878093
6050251|16878095
6050253|16878097
6050254|16878098
6050256|16878099
6050257|16878100
6050260|16878103
6050262|16878105
6050263|16878106
6050265|16878108
6050266|16878109
6050267|16878110
6050271|16878114
6050273|16878116
6050275|16878118
6050276|16878119
6050277|16878120
6050280|16878123
6050281|16878124
6050282|16878125
6050283|16878126
6050285|16878128
6050286|16878129
6050287|16878130
6050288|16878131
6050289|16878132
6050290|16878133
6050291|16878134
6050299|16878142
6050301|16878144
6050303|16878146
6050304|16878147
6050309|16878152
6050312|16878155
6050314|16878157
6050318|16878161
6050319|16878162
6050321|16878163
6050323|16878165
6050324|16878166
6050325|16878167
6050326|16878168
6050328|16878170
6050330|16878171
6050331|16878172
6050332|16878173
6050333|16878174
6050334|16878175
6050335|16878176
6050338|16878179
6050339|16878180
6050340|16878181
6050341|16878182
6050342|16878183
6050343|16878184
6050344|16878185
6050347|16878188
6050348|16878189
6050349|16878190
6050350|16878191
6050351|16878192
6050352|16878193
6050353|16878194
6050354|16878195
6050356|16878197
6050358|16878199
6050359|16878200
6050362|16878203
6050365|16878206
6050367|16878208
6050369|16878210
6050371|16878212
6050372|16878213
6050374|16878215
6050375|16878216
6050376|16878217
6050377|16878218
6050379|16878220
6050380|16878221
6050383|16878224
6050385|16878226
6050386|16878227
6050388|16878229
6050390|16878231
6050395|16878236
6050396|16878237
6050397|16878238
6050398|16878239
6050399|16878240
6050401|16878242
6050402|16878243
6050403|16878244
6050405|16878246
6050406|16878247
6050411|16878252
6050416|16878257
6050418|16878259
6050419|16878260
6050421|16878262
6050423|16878264
6050424|16878265
6050425|16878266
6050427|16878268
6050428|16878269
6050431|16878272
6050434|16878275
6050436|16878277
6050439|16878280
6050440|16878281
6050441|16878282
6050445|16878286
6050446|16878287
6050447|16878288
6050448|16878289
6050449|16878290
6050450|16878291
6050451|16878292
6050453|16878294
6050454|16878295
6050456|16878297
6050457|16878298
6050459|16878300
6050461|16878302
6050463|16878304
6050464|16878305
6050466|16878307
6050467|16878308
6050470|16878311
6050471|16878312
6050472|16878313
6050473|16878314
6050474|16878315
6050475|16878316
6050477|16878318
6050482|16878323
6050485|16878326
6050487|16878328
6050488|16878329
6050489|16878330
6050492|16878333
6050493|16878334
6050494|16878335
6050495|16878336
6050497|16878338
6050498|16878339
6050499|16878340
6050501|16878342
6050502|16878343
6050503|16878344
6050505|16878346
6050506|16878347
6050509|16878350
6050511|16878352
6050512|16878353
6050514|16878355
6050516|16878357
6050517|16878358
6050518|16878359
6050519|16878360
6050520|16878361
6050521|16878362
6050522|16878363
6050524|16878365
6050526|16878367
6050528|16878369
6050530|16878371
6050532|16878373
6050533|16878374
6050536|16878377
6050537|16878378
6050538|16878379
6050539|16878380
6050542|16878383
6050543|16878384
6050545|16878386
6050546|16878387
6050549|16878390
6050550|16878391
6050553|16878394
6050554|16878395
6050561|16878402
6050563|16878404
6050566|16878406
6050568|16878408
6050569|16878409
6050570|16878410
6050572|16878412
6050573|16878413
6050574|16878414
6050576|16878416
6050579|16878419
6050580|16878420
6050581|16878421
6050586|16878425
6050594|16878433
6050597|16878436
6050598|16878437
6050601|16878440
6050602|16878441
6050604|16878443
6050605|16878444
6050606|16878445
6050608|16878447
6050610|16878449
6050612|16878451
6050613|16878452
6050614|16878453
6050616|16878455
6050620|16878459
6050621|16878460
6050623|16878462
6050625|16878464
6050626|16878465
6050627|16878466
6050629|16878468
6050631|16878470
6050632|16878471
6050633|16878472
6050635|16878474
6050636|16878475
6050637|16878476
6050638|16878477
6050639|16878478
6050640|16878479
6050641|16878480
6050642|16878481
6050643|16878482
6050644|16878483
6050646|16878485
6050648|16878487
6050649|16878488
6050650|16878489
6050651|16878490
6050652|16878491
6050653|16878492
6050656|16878495
6050657|16878496
6050658|16878497
6050660|16878499
6050664|16878503
6050666|16878505
6050668|16878507
6050669|16878508
6050672|16878511
6050675|16878514
6050677|16878516
6050680|16878519
6050682|16878521
6050688|16878527
6050690|16878529
6050691|16878530
6050693|16878532
6050695|16878534
6050696|16878535
6050697|16878536
6050699|16878538
6050702|16878541
6050703|16878542
6050704|16878543
6050705|16878544
6050706|16878545
6050709|16878548
6050712|16878551
6050713|16878552
6050714|16878553
6050715|16878554
6050717|16878556
6050718|16878557
6050719|16878558
6050720|16878559
6050721|16878560
6050722|16878561
6050725|16878564
6050726|16878565
6050727|16878566
6050728|16878567
6050731|16878570
6050732|16878571
6050734|16878573
6050736|16878575
6050737|16878576
6050738|16878577
6050741|16878580
6050742|16878581
6050743|16878582
6050746|16878585
6050747|16878586
6050748|16878587
6050749|16878588
6050750|16878589
6050751|16878590
6050752|16878591
6050753|16878592
6050754|16878593
6050755|16878594
6050756|16878595
6050757|16878596
6050758|16878597
6050759|16878598
6050760|16878599
6050762|16878601
6050763|16878602
6050764|16878603
6050765|16878604
6050766|16878605
6050767|16878606
6050770|16878609
6050771|16878610
6050773|16878612
6050774|16878613
6050776|16878615
6050777|16878616
6050778|16878617
6050782|16878620
6050783|16878621
6050785|16878623
6050787|16878625
6050788|16878626
6050790|16878628
6050794|16878632
6050795|16878633
6050797|16878635
6050798|16878636
6050799|16878637
6050800|16878638
6050801|16878639
6050802|16878640
6050807|16878645
6050810|16878648
6050811|16878649
6050812|16878650
6050817|16878655
6050818|16878656
6050819|16878657
6050820|16878658
6050821|16878659
6050824|16878662
6050825|16878663
6050827|16878665
6050828|16878666
6050829|16878667
6050832|16878670
6050833|16878671
6050834|16878672
6050840|16878678
6050841|16878679
6050846|16878683
6050849|16878686
6050853|16878690
6050854|16878691
6050855|16878692
6050856|16878693
6050857|16878694
6050858|16878695
6050859|16878696
6050861|16878698
6050862|16878699
6050864|16878701
6050868|16878705
6050869|16878706
6050870|16878707
6050872|16878709
6050873|16878710
6050874|16878711
6050875|16878712
6050876|16878713
6050878|16878715
6050879|16878716
6050881|16878718
6050883|16878720
6050886|16878723
6050888|16878725
6050891|16878728
6050892|16878729
6050897|16878734
6050899|16878736
6050900|16878737
6050901|16878738
6050902|16878739
6050903|16878740
6050904|16878741
6050905|16878742
6050906|16878743
6050907|16878744
6050909|16878746
6050910|16878747
6050911|16878748
6050912|16878749
6050918|16878755
6050919|16878756
6050921|16878758
6050922|16878759
6050926|16878762
6050929|16878765
6050930|16878766
6050931|16878767
6050932|16878768
6050933|16878769
6050935|16878771
6050938|16878774
6050939|16878775
6050941|16878777
6050943|16878779
6050946|16878782
6050947|16878783
6050956|16878792
6050957|16878793
6050963|16878799
6050964|16878800
6050965|16878801
6050966|16878802
6050967|16878803
6050968|16878804
6050969|16878805
6050970|16878806
6050971|16878807
6050973|16878809
6050974|16878810
6050975|16878811
6050977|16878813
6050979|16878815
6050980|16878816
6050981|16878817
6050982|16878818
6050983|16878819
6050984|16878820
6050986|16878822
6050987|16878823
6050988|16878824
6050989|16878825
6050990|16878826
6050991|16878827
6050993|16878829
6050994|16878830
6050995|16878831
6050996|16878832
6050997|16878833
6051000|16878836
6051001|16878837
6051003|16878839
6051005|16878841
6051009|16878844
6051011|16878846
6051013|16878848
6051015|16878850
6051016|16878851
6051019|16878854
6051020|16878855
6051022|16878857
6051023|16878858
6051024|16878859
6051026|16878861
6051028|16878863
6051029|16878864
6051031|16878866
6051032|16878867
6051033|16878868
6051034|16878869
6051035|16878870
6051036|16878871
6051039|16878874
6051041|16878876
6051044|16878879
6051045|16878880
6051051|16878886
6051052|16878887
6051053|16878888
6051054|16878889
6051056|16878891
6051057|16878892
6051058|16878893
6051059|16878894
6051060|16878895
6051067|16878901
6051068|16878902
6051069|16878903
6051071|16878905
6051072|16878906
6051074|16878908
6051076|16878910
6051077|16878911
6051078|16878912
6051080|16878914
6051084|16878918
6051086|16878920
6051088|16878922
6051089|16878923
6051090|16878924
6051091|16878925
6051092|16878926
6051093|16878927
6051098|16878932
6051099|16878933
6051100|16878934
6051103|16878937
6051104|16878938
6051105|16878939
6051106|16878940
6051108|16878942
6051109|16878943
6051110|16878944
6051113|16878947
6051114|16878948
6051116|16878950
6051117|16878951
6051119|16878953
6051121|16878955
6051122|16878956
6051123|16878957
6051124|16878958
6051125|16878959
6051131|16878965
6051135|16878969
6051136|16878970
6051137|16878971
6051138|16878972
6051139|16878973
6051140|16878974
6051141|16878975
6051145|16878979
6051146|16878980
6051147|16878981
6051148|16878982
6051152|16878986
6051153|16878987
6051154|16878988
6051155|16878989
6051157|16878991
6051159|16878993
6051163|16878997
6051164|16878998
6051165|16878999
6051168|16879002
6051170|16879004
6051171|16879005
6051172|16879006
6051173|16879007
6051174|16879008
6051175|16879009
6051178|16879012
6051180|16879014
6051181|16879015
6051182|16879016
6051184|16879018
6051185|16879019
6051186|16879020
6051187|16879021
6051188|16879022