slot,block_number
5877703,16707626
5877704,16707627
5877707,16707630
5877710,16707633
5877720,16707643
5877725,16707648
5877730,16707653
5877733,16707656
5877738,16707661
5877739,16707662
5877740,16707663
5877742,16707665
5877745,16707668
5877746,16707669
5877749,16707672
5877752,16707675
5877757,16707680
5877759,16707682
5877760,16707683
5877762,16707685
5877763,16707686
5877764,16707687
5877767,16707690
5877769,16707692
5877772,16707695
5877775,16707698
5877776,16707699
5877777,16707700
5877779,16707702
5877781,16707704
5877782,16707705
5877783,16707706
5877787,16707709
5877791,16707713
5877795,16707717
5877797,16707719
5877801,16707723
5877809,16707731
5877815,16707737
5877818,16707740
5877821,16707743
5877822,16707744
5877824,16707746
5877825,16707747
5877826,16707748
5877829,16707751
5877830,16707752
5877834,16707756
5877840,16707762
5877843,16707765
5877844,16707766
5877852,16707774
5877855,16707777
5877856,16707778
5877858,16707780
5877859,16707781
5877862,16707784
5877864,16707786
5877868,16707790
5877869,16707791
5877870,16707792
5877871,16707793
5877872,16707794
5877877,16707799
5877878,16707800
5877881,16707803
5877883,16707805
5877889,16707811
5877890,16707812
5877893,16707815
5877895,16707817
5877896,16707818
5877899,16707821
5877905,16707827
5877907,16707829
5877910,16707832
5877914,16707836
5877916,16707838
5877917,16707839
5877919,16707841
5877922,16707844
5877923,16707845
5877925,16707847
5877930,16707852
5877931,16707853
5877932,16707854
5877938,16707860
5877940,16707862
5877942,16707864
5877945,16707867
5877946,16707868
5877947,16707869
5877952,16707874
5877953,16707875
5877958,16707880
5877960,16707882
5877961,16707883
5877971,16707893
5877972,16707894
5877975,16707897
5877977,16707899
5877978,16707900
5877979,16707901
5877992,16707914
5877996,16707918
5877998,16707920
5878008,16707929
5878014,16707935
5878017,16707938
5878019,16707940
5878020,16707941
5878021,16707942
5878022,16707943
5878023,16707944
5878024,16707945
5878026,16707947
5878035,16707956
5878038,16707959
5878040,16707961
5878042,16707963
5878044,16707965
5878047,16707968
5878050,16707971
5878056,16707977
5878057,16707978
5878059,16707980
5878060,16707981
5878061,16707982
5878064,16707985
5878065,16707986
5878068,16707989
5878071,16707992
5878078,16707999
5878079,16708000
5878083,16708004
5878088,16708009
5878090,16708011
5878092,16708013
5878093,16708014
5878095,16708016
5878096,16708017
5878099,16708020
5878106,16708027
5878109,16708030
5878110,16708031
5878116,16708037
5878117,16708038
5878118,16708039
5878119,16708040
5878121,16708042
5878125,16708046
5878127,16708048
5878129,16708050
5878133,16708054
5878141,16708062
5878143,16708064
5878145,16708066
5878147,16708068
5878153,16708074
5878163,16708084
5878170,16708091
5878171,16708092
5878183,16708103
5878187,16708107
5878188,16708108
5878190,16708110
5878194,16708114
5878198,16708118
5878200,16708120
5878210,16708130
5878211,16708131
5878215,16708135
5878216,16708136
5878217,16708137
5878219,16708139
5878223,16708142
5878225,16708144
5878226,16708145
5878227,16708146
5878228,16708147
5878229,16708148
5878231,16708150
5878233,16708152
5878236,16708155
5878245,16708164
5878247,16708166
5878249,16708168
5878250,16708169
5878253,16708172
5878257,16708176
5878260,16708179
5878262,16708181
5878264,16708183
5878266,16708185
5878269,16708188
5878272,16708191
5878274,16708193
5878276,16708195
5878277,16708196
5878279,16708198
5878283,16708202
5878286,16708205
5878291,16708210
5878294,16708213
5878295,16708214
5878298,16708217
5878300,16708219
5878302,16708221
5878303,16708222
5878307,16708226
5878310,16708229
5878311,16708230
5878312,16708231
5878313,16708232
5878320,16708239
5878322,16708241
5878324,16708243
5878325,16708244
5878329,16708248
5878330,16708249
5878331,16708250
5878335,16708254
5878340,16708259
5878344,16708263
5878346,16708265
5878347,16708266
5878348,16708267
5878349,16708268
5878353,16708272
5878354,16708273
5878369,16708287
5878371,16708289
5878379,16708297
5878386,16708303
5878387,16708304
5878388,16708305
5878389,16708306
5878391,16708308
5878397,16708314
5878398,16708315
5878400,16708317
5878401,16708318
5878402,16708319
5878404,16708321
5878408,16708325
5878412,16708329
5878414,16708331
5878417,16708334
5878418,16708335
5878419,16708336
5878420,16708337
5878424,16708341
5878426,16708343
5878429,16708346
5878430,16708347
5878433,16708350
5878434,16708351
5878436,16708353
5878437,16708354
5878441,16708357
5878444,16708360
5878445,16708361
5878447,16708363
5878451,16708367
5878454,16708370
5878459,16708375
5878461,16708377
5878466,16708382
5878467,16708383
5878469,16708385
5878471,16708387
5878473,16708389
5878475,16708391
5878476,16708392
5878477,16708393
5878481,16708397
5878488,16708404
5878492,16708407
5878493,16708408
5878496,16708411
5878497,16708412
5878501,16708416
5878502,16708417
5878504,16708419
5878505,16708420
5878509,16708424
5878517,16708432
5878520,16708435
5878523,16708438
5878524,16708439
5878530,16708445
5878533,16708448
5878535,16708450
5878536,16708451
5878537,16708452
5878542,16708457
5878545,16708460
5878546,16708461
5878547,16708462
5878548,16708463
5878549,16708464
5878554,16708469
5878564,16708478
5878565,16708479
5878572,16708486
5878574,16708488
5878576,16708490
5878580,16708494
5878582,16708496
5878583,16708497
5878584,16708498
5878586,16708500
5878591,16708505
5878592,16708506
5878593,16708507
5878596,16708510
5878598,16708512
5878599,16708513
5878601,16708515
5878603,16708517
5878614,16708528
5878617,16708531
5878620,16708534
5878623,16708537
5878629,16708542
5878635,16708548
5878637,16708550
5878638,16708551
5878641,16708554
5878642,16708555
5878645,16708558
5878648,16708561
5878649,16708562
5878650,16708563
5878652,16708565
5878654,16708567
5878656,16708569
5878657,16708570
5878659,16708572
5878660,16708573
5878661,16708574
5878664,16708577
5878665,16708578
5878666,16708579
5878669,16708582
5878672,16708585
5878673,16708586
5878674,16708587
5878676,16708589
5878677,16708590
5878678,16708591
5878680,16708593
5878684,16708597
5878688,16708601
5878689,16708602
5878694,16708607
5878697,16708610
5878699,16708612
5878704,16708617
5878709,16708621
5878713,16708625
5878718,16708630
5878719,16708631
5878720,16708632
5878721,16708633
5878723,16708635
5878725,16708637
5878739,16708651
5878741,16708653
5878742,16708654
5878743,16708655
5878749,16708661
5878754,16708666
5878757,16708669
5878758,16708670
5878759,16708671
5878761,16708673
5878771,16708683
5878773,16708685
5878779,16708691
5878780,16708692
5878781,16708693
5878783,16708695
5878792,16708704
5878801,16708713
5878802,16708714
5878803,16708715
5878813,16708725
5878814,16708726
5878815,16708727
5878816,16708728
5878819,16708731
5878820,16708732
5878822,16708734
5878827,16708739
5878829,16708741
5878831,16708743
5878834,16708746
5878841,16708753
5878843,16708755
5878845,16708757
5878851,16708762
5878853,16708764
5878862,16708772
5878864,16708774
5878872,16708781
5878873,16708782
5878874,16708783
5878878,16708787
5878879,16708788
5878884,16708793
5878885,16708794
5878886,16708795
5878888,16708797
5878891,16708800
5878895,16708804
5878896,16708805
5878897,16708806
5878899,16708808
5878902,16708811
5878911,16708820
5878913,16708822
5878920,16708829
5878922,16708831
5878927,16708836
5878929,16708838
5878931,16708840
5878934,16708843
5878937,16708846
5878939,16708848
5878943,16708852
5878947,16708855
5878950,16708858
5878953,16708861
5878954,16708862
5878957,16708865
5878959,16708867
5878960,16708868
5878962,16708870
5878966,16708874
5878972,16708880
5878973,16708881
5878974,16708882
5878975,16708883
5878978,16708886
5878987,16708895
5878989,16708897
5878996,16708904
5878997,16708905
5879000,16708908
5879005,16708913
5879010,16708918
5879013,16708921
5879014,16708922
5879015,16708923
5879016,16708924
5879018,16708926
5879026,16708934
5879028,16708936
5879030,16708938
5879036,16708943
5879040,16708947
5879045,16708952
5879048,16708955
5879051,16708958
5879054,16708961
5879055,16708962
5879056,16708963
5879059,16708966
5879063,16708970
5879064,16708971
5879067,16708974
5879072,16708979
5879074,16708981
5879075,16708982
5879077,16708984
5879078,16708985
5879080,16708987
5879089,16708996
5879091,16708998
5879095,16709002
5879097,16709004
5879098,16709005
5879101,16709008
5879102,16709009
5879103,16709010
5879105,16709011
5879109,16709015
5879110,16709016
5879111,16709017
5879114,16709020
5879117,16709023
5879119,16709025
5879122,16709028
5879130,16709035
5879132,16709037
5879135,16709040
5879137,16709042
5879138,16709043
5879141,16709046
5879142,16709047
5879143,16709048
5879145,16709050
5879148,16709053
5879149,16709054
5879153,16709058
5879154,16709059
5879155,16709060
5879156,16709061
5879157,16709062
5879159,16709064
5879166,16709071
5879168,16709073
5879169,16709074
5879173,16709078
5879174,16709079
5879177,16709082
5879185,16709090
5879187,16709092
5879190,16709095
5879194,16709099
5879199,16709104
5879206,16709111
5879213,16709118
5879214,16709119
5879215,16709120
5879222,16709127
5879223,16709128
5879225,16709130
5879229,16709134
5879231,16709136
5879232,16709137
5879233,16709138
5879234,16709139
5879241,16709146
5879245,16709150
5879246,16709151
5879251,16709156
5879252,16709157
5879258,16709163
5879259,16709164
5879262,16709167
5879264,16709169
5879269,16709174
5879271,16709176
5879273,16709178
5879275,16709180
5879285,16709190
5879287,16709192
5879290,16709195
5879291,16709196
5879293,16709198
5879295,16709200
5879299,16709203
5879302,16709206
5879304,16709208
5879307,16709211
5879309,16709213
5879310,16709214
5879314,16709218
5879315,16709219
5879317,16709221
5879322,16709226
5879326,16709230
5879328,16709232
5879330,16709234
5879331,16709235
5879332,16709236
5879334,16709238
5879335,16709239
5879338,16709242
5879345,16709249
5879346,16709250
5879348,16709252
5879353,16709257
5879354,16709258
5879358,16709262
5879364,16709268
5879365,16709269
5879367,16709271
5879369,16709273
5879371,16709275
5879375,16709279
5879376,16709280
5879377,16709281
5879386,16709290
5879388,16709292
5879391,16709295
5879397,16709301
5879399,16709303
5879405,16709309
5879407,16709311
5879408,16709312
5879414,16709318
5879418,16709322
5879419,16709323
5879421,16709325
5879422,16709326
5879425,16709329
5879429,16709333
5879436,16709340
5879438,16709342
5879440,16709344
5879443,16709347
5879444,16709348
5879448,16709352
5879456,16709360
5879457,16709361
5879458,16709362
5879459,16709363
5879460,16709364
5879461,16709365
5879462,16709366
5879467,16709371
5879471,16709374
5879473,16709376
5879474,16709377
5879478,16709381
5879483,16709386
5879484,16709387
5879485,16709388
5879486,16709389
5879489,16709392
5879490,16709393
5879491,16709394
5879496,16709399
5879502,16709405
5879509,16709412
5879512,16709415
5879516,16709419
5879520,16709423
5879521,16709424
5879526,16709429
5879530,16709433
5879531,16709434
5879532,16709435
5879534,16709437
5879535,16709438
5879539,16709442
5879544,16709447
5879546,16709449
5879547,16709450
5879549,16709452
5879551,16709454
5879553,16709456
5879554,16709457
5879555,16709458
5879566,16709468
5879567,16709469
5879572,16709474
5879575,16709477
5879576,16709478
5879577,16709479
5879581,16709483
5879584,16709486
5879587,16709489
5879591,16709493
5879593,16709495
5879594,16709496
5879598,16709500
5879601,16709503
5879603,16709505
5879606,16709508
5879612,16709514
5879619,16709521
5879624,16709526
5879625,16709527
5879627,16709529
5879628,16709530
5879629,16709531
5879630,16709532
5879631,16709533
5879632,16709534
5879634,16709536
5879639,16709541
5879641,16709543
5879646,16709547
5879647,16709548
5879648,16709549
5879650,16709551
5879654,16709555
5879660,16709560
5879661,16709561
5879664,16709564
5879666,16709566
5879667,16709567
5879671,16709571
5879676,16709574
5879677,16709575
5879679,16709577
5879681,16709579
5879683,16709581
5879686,16709584
5879688,16709586
5879690,16709588
5879692,16709590
5879693,16709591
5879694,16709592
5879697,16709595
5879698,16709596
5879699,16709597
5879702,16709600
5879706,16709604
5879712,16709610
5879713,16709611
5879714,16709612
5879717,16709615
5879719,16709617
5879720,16709618
5879721,16709619
5879730,16709628
5879735,16709633
5879736,16709634
5879737,16709635
5879738,16709636
5879741,16709639
5879743,16709641
5879752,16709649
5879755,16709652
5879756,16709653
5879764,16709661
5879766,16709663
5879771,16709668
5879772,16709669
5879774,16709671
5879775,16709672
5879776,16709673
5879777,16709674
5879778,16709675
5879780,16709677
5879782,16709679
5879785,16709682
5879787,16709684
5879789,16709686
5879790,16709687
5879795,16709691
5879797,16709693
5879799,16709695
5879800,16709696
5879801,16709697
5879803,16709699
5879806,16709701
5879809,16709704
5879812,16709707
5879813,16709708
5879820,16709714
5879821,16709715
5879824,16709718
5879828,16709722
5879829,16709723
5879831,16709725
5879832,16709726
5879845,16709739
5879846,16709740
5879850,16709744
5879853,16709747
5879855,16709749
5879860,16709753
5879861,16709754
5879865,16709758
5879866,16709759
5879867,16709760
5879871,16709764
5879872,16709765
5879873,16709766
5879875,16709768
5879878,16709771
5879880,16709773
5879889,16709782
5879890,16709783
5879891,16709784
5879895,16709788
5879897,16709790
5879901,16709794
5879906,16709799
5879908,16709801
5879912,16709805
5879913,16709806
5879917,16709810
5879918,16709811
5879920,16709813
5879923,16709816
5879925,16709818
5879927,16709820
5879931,16709824
5879932,16709825
5879934,16709827
5879936,16709829
5879945,16709838
5879951,16709844
5879957,16709850
5879973,16709866
5879974,16709867
5879979,16709872
5879982,16709875
5879989,16709882
5879990,16709883
5879991,16709884
5879992,16709885
5879999,16709892
5880000,16709893
5880009,16709902
5880011,16709904
5880017,16709910
5880023,16709916
5880027,16709919
5880028,16709920
5880029,16709921
5880030,16709922
5880032,16709924
5880036,16709928
5880037,16709929
5880039,16709931
5880042,16709934
5880045,16709937
5880047,16709939
5880051,16709943
5880052,16709944
5880053,16709945
5880056,16709948
5880057,16709949
5880060,16709952
5880062,16709954
5880066,16709958
5880067,16709959
5880070,16709962
5880071,16709963
5880072,16709964
5880073,16709965
5880074,16709966
5880075,16709967
5880076,16709968
5880077,16709969
5880079,16709971
5880082,16709974
5880083,16709975
5880089,16709981
5880090,16709982
5880096,16709987
5880103,16709994
5880106,16709997
5880112,16710003
5880113,16710004
5880114,16710005
5880119,16710010
5880120,16710011
5880124,16710015
5880125,16710016
5880126,16710017
5880131,16710022
5880133,16710024
5880140,16710031
5880142,16710033
5880144,16710035
5880145,16710036
5880150,16710041
5880153,16710044
5880155,16710046
5880158,16710049
5880160,16710051
5880162,16710053
5880164,16710055
5880165,16710056
5880166,16710057
5880171,16710062
5880176,16710067
5880178,16710069
5880181,16710072
5880184,16710075
5880186,16710077
5880188,16710079
5880189,16710080
5880191,16710082
5880197,16710088
5880198,16710089
5880199,16710090
5880204,16710095
5880205,16710096
5880207,16710098
5880208,16710099
5880212,16710103
5880213,16710104
5880215,16710106
5880217,16710108
5880220,16710111
5880225,16710116
5880227,16710118
5880232,16710123
5880233,16710124
5880235,16710126
5880239,16710130
5880242,16710133
5880245,16710136
5880246,16710137
5880247,16710138
5880248,16710139
5880251,16710142
5880252,16710143
5880253,16710144
5880256,16710147
5880260,16710151
5880261,16710152
5880265,16710156
5880268,16710159
5880270,16710161
5880272,16710163
5880273,16710164
5880274,16710165
5880276,16710167
5880280,16710171
5880282,16710173
5880283,16710174
5880285,16710176
5880291,16710182
5880292,16710183
5880298,16710189
5880299,16710190
5880301,16710192
5880302,16710193
5880306,16710197
5880307,16710198
5880311,16710202
5880313,16710204
5880314,16710205
5880316,16710207
5880318,16710209
5880319,16710210
5880326,16710217
5880333,16710224
5880339,16710230
5880341,16710232
5880342,16710233
5880345,16710236
5880346,16710237
5880348,16710239
5880351,16710242
5880352,16710243
5880353,16710244
5880361,16710252
5880364,16710255
5880368,16710259
5880369,16710260
5880371,16710262
5880374,16710265
5880378,16710269
5880381,16710272
5880384,16710275
5880386,16710277
5880388,16710279
5880391,16710282
5880392,16710283
5880393,16710284
5880397,16710288
5880404,16710295
5880411,16710302
5880414,16710305
5880417,16710308
5880421,16710312
5880424,16710315
5880426,16710317
5880427,16710318
5880428,16710319
5880436,16710326
5880440,16710330
5880444,16710334
5880445,16710335
5880450,16710340
5880451,16710341
5880455,16710345
5880458,16710348
5880461,16710351
5880462,16710352
5880463,16710353
5880469,16710359
5880472,16710362
5880475,16710365
5880476,16710366
5880477,16710367
5880482,16710372
5880485,16710375
5880487,16710377
5880488,16710378
5880489,16710379
5880492,16710382
5880494,16710384
5880495,16710385
5880496,16710386
5880506,16710396
5880508,16710398
5880510,16710400
5880513,16710403
5880515,16710405
5880517,16710407
5880518,16710408
5880519,16710409
5880520,16710410
5880524,16710414
5880528,16710418
5880531,16710421
5880534,16710424
5880537,16710427
5880543,16710432
5880546,16710435
5880552,16710441
5880553,16710442
5880554,16710443
5880559,16710448
5880561,16710450
5880565,16710454
5880567,16710456
5880569,16710458
5880573,16710461
5880575,16710463
5880576,16710464
5880579,16710467
5880581,16710469
5880582,16710470
5880585,16710473
5880587,16710475
5880588,16710476
5880592,16710480
5880595,16710483
5880597,16710485
5880598,16710486
5880604,16710492
5880606,16710494
5880609,16710497
5880614,16710502
5880616,16710504
5880617,16710505
5880619,16710507
5880621,16710509
5880624,16710512
5880627,16710515
5880632,16710519
5880638,16710525
5880641,16710528
5880645,16710532
5880646,16710533
5880647,16710534
5880651,16710538
5880653,16710540
5880658,16710545
5880660,16710547
5880661,16710548
5880665,16710552
5880667,16710554
5880668,16710555
5880669,16710556
5880673,16710560
5880677,16710564
5880682,16710569
5880683,16710570
5880684,16710571
5880685,16710572
5880687,16710574
5880688,16710575
5880694,16710581
5880695,16710582
5880699,16710586
5880701,16710588
5880702,16710589
5880703,16710590
5880704,16710591
5880712,16710599
5880713,16710600
5880714,16710601
5880715,16710602
5880716,16710603
5880721,16710608
5880722,16710609
5880725,16710612
5880726,16710613
5880727,16710614
5880728,16710615
5880730,16710617
5880737,16710624
5880740,16710627
5880742,16710629
5880744,16710631
5880753,16710639
5880756,16710642
5880757,16710643
5880758,16710644
5880766,16710652
5880772,16710658
5880776,16710662
5880786,16710672
5880787,16710673
5880791,16710677
5880796,16710682
5880799,16710685
5880800,16710686
5880803,16710689
5880804,16710690
5880805,16710691
5880806,16710692
5880807,16710693
5880812,16710698
5880813,16710699
5880818,16710704
5880820,16710706
5880827,16710712
5880833,16710718
5880834,16710719
5880838,16710723
5880839,16710724
5880841,16710726
5880842,16710727
5880843,16710728
5880844,16710729
5880845,16710730
5880846,16710731
5880847,16710732
5880848,16710733
5880849,16710734
5880851,16710736
5880856,16710741
5880860,16710745
5880861,16710746
5880862,16710747
5880863,16710748
5880869,16710754
5880870,16710755
5880876,16710761
5880887,16710772
5880888,16710773
5880890,16710775
5880892,16710777
5880894,16710779
5880901,16710786
5880902,16710787
5880909,16710794
5880913,16710798
5880915,16710800
5880918,16710803
5880924,16710809
5880925,16710810
5880927,16710812
5880929,16710814
5880931,16710816
5880932,16710817
5880933,16710818
5880935,16710820
5880942,16710827
5880947,16710832
5880952,16710837
5880953,16710838
5880956,16710841
5880957,16710842
5880960,16710845
5880962,16710847
5880963,16710848
5880966,16710851
5880970,16710855
5880973,16710858
5880976,16710861
5880978,16710863
5880980,16710865
5880986,16710871
5880990,16710875
5880991,16710876
5880994,16710879
5880996,16710881
5881000,16710885
5881005,16710890
5881009,16710894
5881010,16710895
5881011,16710896
5881015,16710900
5881022,16710907
5881025,16710910
5881030,16710915
5881033,16710918
5881034,16710919
5881037,16710922
5881038,16710923
5881041,16710926
5881044,16710929
5881045,16710930
5881046,16710931
5881048,16710933
5881049,16710934
5881051,16710936
5881053,16710938
5881057,16710942
5881064,16710949
5881069,16710954
5881070,16710955
5881072,16710957
5881076,16710961
5881077,16710962
5881079,16710964
5881081,16710966
5881082,16710967
5881084,16710969
5881085,16710970
5881089,16710974
5881091,16710976
5881092,16710977
5881095,16710980
5881096,16710981
5881098,16710983
5881100,16710985
5881101,16710986
5881103,16710988
5881104,16710989
5881106,16710991
5881109,16710994
5881111,16710996
5881115,16711000
5881118,16711003
5881126,16711011
5881129,16711014
5881131,16711016
5881132,16711017
5881134,16711019
5881136,16711021
5881138,16711023
5881145,16711030
5881147,16711032
5881151,16711036
5881152,16711037
5881158,16711043
5881160,16711045
5881162,16711047
5881163,16711048
5881164,16711049
5881166,16711051
5881168,16711053
5881169,16711054
5881170,16711055
5881173,16711058
5881174,16711059
5881176,16711061
5881177,16711062
5881181,16711066
5881184,16711069
5881185,16711070
5881186,16711071
5881187,16711072
5881188,16711073
5881194,16711079
5881199,16711084
5881200,16711085
5881203,16711088
5881205,16711090
5881208,16711093
5881210,16711095
5881213,16711098
5881216,16711101
5881221,16711106
5881225,16711110
5881226,16711111
5881227,16711112
5881231,16711116
5881233,16711118
5881235,16711120
5881238,16711123
5881242,16711127
5881243,16711128
5881245,16711130
5881247,16711132
5881248,16711133
5881249,16711134
5881254,16711139
5881256,16711141
5881257,16711142
5881259,16711144
5881260,16711145
5881266,16711150
5881268,16711152
5881275,16711158
5881276,16711159
5881278,16711160
5881280,16711162
5881281,16711163
5881285,16711167
5881289,16711171
5881291,16711173
5881297,16711179
5881300,16711182
5881303,16711185
5881304,16711186
5881305,16711187
5881307,16711189
5881308,16711190
5881314,16711196
5881315,16711197
5881318,16711200
5881320,16711202
5881323,16711205
5881330,16711211
5881331,16711212
5881337,16711218
5881339,16711220
5881340,16711221
5881341,16711222
5881342,16711223
5881343,16711224
5881345,16711226
5881346,16711227
5881350,16711231
5881352,16711233
5881353,16711234
5881358,16711239
5881359,16711240
5881363,16711244
5881366,16711247
5881369,16711250
5881372,16711253
5881377,16711258
5881378,16711259
5881381,16711262
5881382,16711263
5881393,16711274
5881394,16711275
5881395,16711276
5881398,16711279
5881399,16711280
5881405,16711286
5881412,16711293
5881413,16711294
5881414,16711295
5881417,16711298
5881420,16711301
5881422,16711303
5881424,16711305
5881426,16711307
5881427,16711308
5881433,16711314
5881439,16711320
5881440,16711321
5881449,16711330
5881450,16711331
5881451,16711332
5881456,16711337
5881459,16711340
5881462,16711343
5881466,16711347
5881469,16711350
5881470,16711351
5881471,16711352
5881472,16711353
5881474,16711355
5881477,16711358
5881478,16711359
5881481,16711362
5881485,16711366
5881487,16711368
5881488,16711369
5881489,16711370
5881500,16711381
5881501,16711382
5881502,16711383
5881503,16711384
5881504,16711385
5881508,16711389
5881511,16711392
5881513,16711394
5881515,16711396
5881516,16711397
5881522,16711402
5881523,16711403
5881524,16711404
5881525,16711405
5881527,16711407
5881530,16711410
5881531,16711411
5881533,16711413
5881536,16711416
5881538,16711418
5881539,16711419
5881540,16711420
5881545,16711425
5881546,16711426
5881548,16711428
5881555,16711435
5881557,16711437
5881562,16711441
5881563,16711442
5881564,16711443
5881565,16711444
5881567,16711446
5881568,16711447
5881570,16711449
5881571,16711450
5881572,16711451
5881573,16711452
5881577,16711456
5881578,16711457
5881583,16711462
5881585,16711464
5881586,16711465
5881590,16711469
5881593,16711472
5881596,16711475
5881601,16711479
5881605,16711483
5881607,16711485
5881611,16711489
5881612,16711490
5881613,16711491
5881614,16711492
5881619,16711497
5881621,16711499
5881625,16711503
5881628,16711506
5881630,16711508
5881636,16711514
5881640,16711518
5881642,16711520
5881645,16711523
5881646,16711524
5881648,16711526
5881652,16711530
5881659,16711537
5881662,16711540
5881664,16711542
5881668,16711546
5881675,16711553
5881676,16711554
5881677,16711555
5881679,16711557
5881683,16711561
5881684,16711562
5881694,16711572
5881697,16711575
5881698,16711576
5881699,16711577
5881703,16711581
5881709,16711587
5881714,16711592
5881718,16711596
5881721,16711599
5881722,16711600
5881728,16711606
5881731,16711609
5881732,16711610
5881735,16711613
5881739,16711617
5881742,16711620
5881745,16711623
5881748,16711626
5881754,16711632
5881755,16711633
5881756,16711634
5881757,16711635
5881759,16711637
5881761,16711639
5881765,16711643
5881766,16711644
5881767,16711645
5881769,16711647
5881773,16711651
5881775,16711653
5881778,16711656
5881781,16711659
5881784,16711662
5881787,16711665
5881792,16711670
5881793,16711671
5881796,16711674
5881800,16711678
5881805,16711683
5881807,16711685
5881811,16711689
5881812,16711690
5881813,16711691
5881814,16711692
5881815,16711693
5881816,16711694
5881817,16711695
5881818,16711696
5881819,16711697
5881823,16711701
5881825,16711703
5881829,16711707
5881833,16711711
5881834,16711712
5881837,16711715
5881838,16711716
5881841,16711719
5881843,16711721
5881847,16711725
5881849,16711727
5881850,16711728
5881852,16711730
5881853,16711731
5881854,16711732
5881857,16711735
5881858,16711736
5881859,16711737
5881861,16711739
5881864,16711742
5881866,16711744
5881870,16711748
5881872,16711750
5881873,16711751
5881874,16711752
5881878,16711756
5881879,16711757
5881884,16711762
5881886,16711764
5881887,16711765
5881901,16711779
5881906,16711784
5881910,16711788
5881911,16711789
5881915,16711793
5881917,16711795
5881920,16711798
5881921,16711799
5881922,16711800
5881923,16711801
5881927,16711805
5881929,16711807
5881930,16711808
5881932,16711810
5881940,16711818
5881941,16711819
5881942,16711820
5881946,16711824
5881952,16711830
5881959,16711837
5881960,16711838
5881961,16711839
5881964,16711842
5881965,16711843
5881966,16711844
5881967,16711845
5881968,16711846
5881969,16711847
5881970,16711848
5881972,16711850
5881973,16711851
5881974,16711852
5881983,16711861
5881984,16711862
5881985,16711863
5881986,16711864
5881989,16711867
5881994,16711872
5881995,16711873
5881997,16711875
5882000,16711878
5882002,16711880
5882004,16711882
5882012,16711890
5882020,16711898
5882022,16711899
5882031,16711908
5882034,16711911
5882035,16711912
5882037,16711914
5882038,16711915
5882043,16711919
5882044,16711920
5882047,16711923
5882057,16711933
5882062,16711938
5882063,16711939
5882070,16711946
5882072,16711948
5882073,16711949
5882077,16711953
5882078,16711954
5882081,16711957
5882083,16711959
5882084,16711960
5882086,16711962
5882088,16711964
5882090,16711966
5882091,16711967
5882094,16711970
5882097,16711973
5882098,16711974
5882102,16711978
5882105,16711981
5882107,16711983
5882111,16711987
5882117,16711993
5882119,16711995
5882121,16711997
5882123,16711999
5882124,16712000
5882134,16712010
5882137,16712013
5882145,16712021
5882146,16712022
5882151,16712027
5882164,16712040
5882166,16712042
5882171,16712047
5882175,16712050
5882177,16712052
5882182,16712057
5882187,16712062
5882188,16712063
5882190,16712065
5882191,16712066
5882193,16712068
5882197,16712072
5882200,16712075
5882201,16712076
5882202,16712077
5882205,16712080
5882207,16712082
5882208,16712083
5882211,16712086
5882213,16712088
5882221,16712096
5882222,16712097
5882225,16712100
5882232,16712107
5882236,16712111
5882241,16712116
5882243,16712117
5882248,16712122
5882250,16712124
5882254,16712128
5882261,16712135
5882265,16712139
5882267,16712141
5882269,16712143
5882270,16712144
5882280,16712154
5882284,16712157
5882285,16712158
5882287,16712160
5882289,16712162
5882292,16712165
5882297,16712170
5882299,16712172
5882300,16712173
5882301,16712174
5882303,16712176
5882305,16712178
5882306,16712179
5882307,16712180
5882308,16712181
5882311,16712184
5882318,16712191
5882319,16712192
5882320,16712193
5882324,16712197
5882326,16712199
5882331,16712204
5882333,16712206
5882339,16712212
5882345,16712218
5882346,16712219
5882352,16712224
5882356,16712228
5882358,16712230
5882359,16712231
5882361,16712233
5882362,16712234
5882363,16712235
5882364,16712236
5882372,16712244
5882377,16712249
5882379,16712251
5882380,16712252
5882381,16712253
5882383,16712255
5882385,16712257
5882392,16712264
5882397,16712269
5882398,16712270
5882400,16712272
5882402,16712274
5882405,16712276
5882409,16712280
5882410,16712281
5882412,16712283
5882413,16712284
5882417,16712288
5882420,16712291
5882421,16712292
5882424,16712295
5882425,16712296
5882426,16712297
5882429,16712300
5882432,16712303
5882433,16712304
5882437,16712308
5882440,16712311
5882442,16712313
5882446,16712316
5882449,16712319
5882451,16712320
5882452,16712321
5882454,16712323
5882455,16712324
5882456,16712325
5882459,16712328
5882461,16712330
5882465,16712334
5882467,16712336
5882470,16712339
5882482,16712351
5882484,16712353
5882487,16712356
5882493,16712362
5882500,16712369
5882503,16712372
5882506,16712375
5882508,16712377
5882509,16712378
5882510,16712379
5882513,16712382
5882514,16712383
5882517,16712386
5882519,16712388
5882521,16712390
5882531,16712400
5882536,16712405
5882539,16712408
5882542,16712411
5882548,16712417
5882553,16712422
5882555,16712424
5882557,16712426
5882558,16712427
5882560,16712429
5882563,16712432
5882564,16712433
5882568,16712437
5882570,16712439
5882575,16712444
5882577,16712446
5882580,16712448
5882584,16712452
5882586,16712454
5882588,16712456
5882590,16712458
5882592,16712460
5882593,16712461
5882603,16712471
5882604,16712472
5882606,16712474
5882607,16712475
5882621,16712489
5882630,16712498
5882631,16712499
5882633,16712501
5882635,16712503
5882636,16712504
5882637,16712505
5882638,16712506
5882639,16712507
5882644,16712512
5882646,16712514
5882655,16712522
5882656,16712523
5882657,16712524
5882658,16712525
5882659,16712526
5882661,16712528
5882666,16712533
5882672,16712539
5882683,16712549
5882686,16712552
5882687,16712553
5882689,16712555
5882694,16712560
5882698,16712564
5882706,16712572
5882707,16712573
5882710,16712576
5882714,16712580
5882719,16712585
5882720,16712586
5882723,16712589
5882724,16712590
5882726,16712592
5882733,16712599
5882735,16712601
5882738,16712604
5882742,16712608
5882743,16712609
5882745,16712611
5882748,16712614
5882752,16712618
5882760,16712626
5882761,16712627
5882764,16712630
5882771,16712637
5882772,16712638
5882773,16712639
5882774,16712640
5882776,16712642
5882778,16712644
5882779,16712645
5882780,16712646
5882782,16712648
5882783,16712649
5882788,16712654
5882789,16712655
5882791,16712657
5882800,16712666
5882803,16712669
5882804,16712670
5882806,16712672
5882807,16712673
5882808,16712674
5882810,16712676
5882814,16712680
5882815,16712681
5882816,16712682
5882818,16712684
5882820,16712686
5882822,16712688
5882823,16712689
5882824,16712690
5882828,16712694
5882830,16712696
5882834,16712700
5882835,16712701
5882837,16712703
5882847,16712713
5882850,16712716
5882862,16712728
5882871,16712737
5882872,16712738
5882880,16712746
5882881,16712747
5882882,16712748
5882884,16712750
5882885,16712751
5882889,16712755
5882890,16712756
5882891,16712757
5882892,16712758
5882895,16712761
5882896,16712762
5882897,16712763
5882898,16712764
5882899,16712765
5882901,16712767
5882903,16712769
5882907,16712773
5882909,16712775
5882912,16712778
5882915,16712781
5882919,16712785
5882923,16712789
5882925,16712791
5882929,16712794
5882933,16712798
5882938,16712803
5882940,16712805
5882945,16712810
5882946,16712811
5882952,16712817
5882954,16712819
5882955,16712820
5882956,16712821
5882957,16712822
5882958,16712823
5882962,16712827
5882963,16712828
5882966,16712831
5882967,16712832
5882968,16712833
5882971,16712836
5882975,16712840
5882976,16712841
5882979,16712844
5882981,16712846
5882982,16712847
5882983,16712848
5882984,16712849
5882985,16712850
5882993,16712858
5882997,16712862
5882999,16712864
5883000,16712865
5883001,16712866
5883003,16712868
5883004,16712869
5883008,16712873
5883014,16712879
5883018,16712883
5883020,16712885
5883021,16712886
5883026,16712891
5883029,16712894
5883035,16712900
5883036,16712901
5883048,16712913
5883053,16712918
5883054,16712919
5883058,16712923
5883066,16712931
5883070,16712934
5883074,16712937
5883075,16712938
5883077,16712940
5883082,16712945
5883085,16712948
5883086,16712949
5883087,16712950
5883088,16712951
5883090,16712953
5883093,16712956
5883094,16712957
5883098,16712961
5883099,16712962
5883101,16712964
5883108,16712971
5883109,16712972
5883110,16712973
5883117,16712980
5883118,16712981
5883120,16712983
5883123,16712986
5883124,16712987
5883126,16712989
5883133,16712996
5883136,16712999
5883140,16713003
5883141,16713004
5883143,16713006
5883144,16713007
5883146,16713009
5883148,16713011
5883149,16713012
5883155,16713018
5883157,16713020
5883159,16713022
5883161,16713024
5883163,16713026
5883165,16713028
5883167,16713030
5883168,16713031
5883171,16713034
5883172,16713035
5883179,16713042
5883181,16713044
5883182,16713045
5883188,16713051
5883191,16713054
5883195,16713057
5883197,16713059
5883199,16713061
5883201,16713063
5883202,16713064
5883206,16713068
5883211,16713073
5883212,16713074
5883213,16713075
5883214,16713076
5883215,16713077
5883219,16713081
5883223,16713085
5883234,16713095
5883235,16713096
5883239,16713099
5883242,16713102
5883251,16713111
5883252,16713112
5883254,16713114
5883262,16713122
5883263,16713123
5883264,16713124
5883265,16713125
5883266,16713126
5883267,16713127
5883268,16713128
5883271,16713131
5883273,16713133
5883282,16713142
5883284,16713144
5883287,16713147
5883290,16713150
5883291,16713151
5883294,16713154
5883296,16713156
5883297,16713157
5883299,16713159
5883303,16713163
5883304,16713164
5883307,16713167
5883310,16713170
5883313,16713173
5883315,16713175
5883318,16713178
5883319,16713179
5883321,16713181
5883323,16713183
5883327,16713187
5883330,16713190
5883333,16713193
5883334,16713194
5883335,16713195
5883336,16713196
5883337,16713197
5883338,16713198
5883339,16713199
5883342,16713202
5883350,16713210
5883352,16713212
5883354,16713214
5883355,16713215
5883356,16713216
5883358,16713218
5883364,16713224
5883365,16713225
5883368,16713228
5883377,16713237
5883380,16713240
5883382,16713242
5883385,16713245
5883389,16713248
5883396,16713255
5883399,16713258
5883403,16713262
5883404,16713263
5883408,16713267
5883410,16713269
5883412,16713271
5883414,16713273
5883419,16713278
5883421,16713280
5883422,16713281
5883425,16713283
5883427,16713285
5883428,16713286
5883429,16713287
5883430,16713288
5883432,16713290
5883441,16713299
5883442,16713300
5883444,16713302
5883447,16713305
5883450,16713308
5883455,16713313
5883459,16713317
5883460,16713318
5883463,16713321
5883466,16713324
5883470,16713328
5883472,16713330
5883473,16713331
5883477,16713335
5883479,16713337
5883482,16713339
5883490,16713347
5883492,16713349
5883494,16713351
5883497,16713354
5883505,16713362
5883508,16713365
5883510,16713367
5883515,16713371
5883516,16713372
5883517,16713373
5883518,16713374
5883519,16713375
5883526,16713382
5883528,16713384
5883529,16713385
5883530,16713386
5883532,16713388
5883534,16713390
5883536,16713392
5883537,16713393
5883549,16713404
5883550,16713405
5883551,16713406
5883553,16713408
5883555,16713410
5883556,16713411
5883560,16713415
5883562,16713417
5883563,16713418
5883565,16713420
5883566,16713421
5883568,16713423
5883572,16713427
5883574,16713429
5883576,16713431
5883577,16713432
5883579,16713434
5883583,16713438
5883586,16713441
5883588,16713443
5883598,16713452
5883603,16713457
5883607,16713461
5883609,16713463
5883611,16713465
5883614,16713468
5883616,16713470
5883619,16713473
5883620,16713474
5883625,16713479
5883627,16713481
5883634,16713487
5883638,16713491
5883640,16713493
5883642,16713495
5883643,16713496
5883647,16713500
5883648,16713501
5883652,16713505
5883654,16713507
5883657,16713510
5883659,16713512
5883661,16713514
5883671,16713524
5883675,16713528
5883678,16713531
5883679,16713532
5883682,16713535
5883683,16713536
5883685,16713538
5883686,16713539
5883688,16713541
5883689,16713542
5883690,16713543
5883700,16713553
5883705,16713558
5883708,16713561
5883711,16713564
5883714,16713567
5883715,16713568
5883717,16713570
5883720,16713573
5883725,16713578
5883726,16713579
5883732,16713585
5883733,16713586
5883734,16713587
5883739,16713592
5883741,16713594
5883743,16713596
5883744,16713597
5883746,16713599
5883747,16713600
5883749,16713602
5883753,16713606
5883754,16713607
5883757,16713610
5883758,16713611
5883761,16713614
5883762,16713615
5883763,16713616
5883766,16713619
5883767,16713620
5883769,16713622
5883770,16713623
5883776,16713629
5883778,16713631
5883786,16713639
5883791,16713643
5883795,16713646
5883796,16713647
5883798,16713649
5883799,16713650
5883803,16713654
5883804,16713655
5883807,16713658
5883808,16713659
5883809,16713660
5883811,16713662
5883813,16713664
5883814,16713665
5883816,16713667
5883823,16713674
5883827,16713678
5883829,16713680
5883837,16713688
5883838,16713689
5883839,16713690
5883842,16713693
5883844,16713695
5883846,16713697
5883847,16713698
5883852,16713703
5883857,16713708
5883861,16713712
5883864,16713715
5883866,16713717
5883867,16713718
5883870,16713720
5883871,16713721
5883872,16713722
5883873,16713723
5883874,16713724
5883875,16713725
5883876,16713726
5883877,16713727
5883879,16713729
5883880,16713730
5883883,16713733
5883885,16713735
5883887,16713737
5883888,16713738
5883889,16713739
5883890,16713740
5883892,16713742
5883895,16713745
5883899,16713749
5883903,16713753
5883906,16713756
5883907,16713757
5883910,16713760
5883911,16713761
5883912,16713762
5883914,16713764
5883915,16713765
5883916,16713766
5883918,16713768
5883924,16713774
5883925,16713775
5883927,16713777
5883929,16713779
5883932,16713782
5883937,16713787
5883946,16713796
5883948,16713798
5883951,16713801
5883952,16713802
5883953,16713803
5883954,16713804
5883956,16713806
5883958,16713808
5883959,16713809
5883966,16713816
5883968,16713818
5883970,16713820
5883971,16713821
5883976,16713825
5883979,16713828
5883980,16713829
5883981,16713830
5883986,16713835
5883991,16713840
5883996,16713845
5884001,16713850
5884002,16713851
5884015,16713864
5884026,16713875
5884028,16713877
5884031,16713880
5884032,16713881
5884034,16713883
5884035,16713884
5884036,16713885
5884038,16713887
5884039,16713888
5884040,16713889
5884041,16713890
5884042,16713891
5884043,16713892
5884046,16713895
5884047,16713896
5884055,16713904
5884060,16713909
5884061,16713910
5884068,16713917
5884069,16713918
5884071,16713920
5884073,16713922
5884074,16713923
5884075,16713924
5884076,16713925
5884078,16713927
5884079,16713928
5884080,16713929
5884084,16713933
5884089,16713938
5884090,16713939
5884092,16713941
5884096,16713945
5884102,16713951
5884104,16713953
5884107,16713955
5884110,16713958
5884111,16713959
5884114,16713962
5884115,16713963
5884119,16713967
5884123,16713971
5884127,16713975
5884129,16713977
5884131,16713979
5884134,16713982
5884135,16713983
5884136,16713984
5884139,16713987
5884141,16713989
5884143,16713991
5884145,16713993
5884148,16713996
5884149,16713997
5884150,16713998
5884155,16714003
5884157,16714005
5884159,16714007
5884163,16714011
5884167,16714015
5884169,16714017
5884170,16714018
5884171,16714019
5884172,16714020
5884173,16714021
5884178,16714025
5884180,16714027
5884185,16714032
5884190,16714037
5884191,16714038
5884193,16714040
5884194,16714041
5884197,16714044
5884198,16714045
5884200,16714047
5884203,16714050
5884212,16714059
5884215,16714062
5884217,16714064
5884220,16714067
5884227,16714074
5884228,16714075
5884230,16714077
5884234,16714081
5884235,16714082
5884237,16714084
5884240,16714087
5884245,16714092
5884247,16714094
5884250,16714097
5884252,16714099
5884255,16714102
5884256,16714103
5884264,16714111
5884265,16714112
5884268,16714115
5884275,16714122
5884281,16714128
5884285,16714132
5884288,16714135
5884294,16714141
5884297,16714144
5884300,16714147
5884302,16714149
5884310,16714157
5884314,16714161
5884316,16714163
5884319,16714166
5884326,16714173
5884330,16714177
5884331,16714178
5884333,16714180
5884335,16714182
5884339,16714186
5884341,16714188
5884345,16714192
5884348,16714195
5884349,16714196
5884353,16714200
5884354,16714201
5884358,16714205
5884360,16714207
5884364,16714211
5884368,16714215
5884369,16714216
5884370,16714217
5884373,16714220
5884374,16714221
5884375,16714222
5884376,16714223
5884378,16714225
5884380,16714227
5884382,16714229
5884383,16714230
5884385,16714232
5884386,16714233
5884389,16714236
5884392,16714239
5884393,16714240
5884395,16714242
5884396,16714243
5884397,16714244
5884398,16714245
5884401,16714248
5884409,16714256
5884410,16714257
5884411,16714258
5884415,16714262
5884424,16714271
5884433,16714280
5884436,16714283
5884437,16714284
5884441,16714288
5884442,16714289
5884443,16714290
5884444,16714291
5884445,16714292
5884447,16714294
5884448,16714295
5884449,16714296
5884450,16714297
5884452,16714299
5884455,16714302
5884457,16714304
5884459,16714306
5884462,16714309
5884465,16714312
5884469,16714316
5884470,16714317
5884481,16714328
5884484,16714331
5884487,16714334
5884500,16714347
5884501,16714348
5884504,16714351
5884505,16714352
5884507,16714354
5884508,16714355
5884510,16714357
5884511,16714358
5884512,16714359
5884520,16714367
5884528,16714375
5884529,16714376
5884530,16714377
5884531,16714378
5884533,16714380
5884537,16714384
5884542,16714389
5884543,16714390
5884545,16714392
5884552,16714399
5884554,16714401
5884556,16714403
5884557,16714404
5884558,16714405
5884560,16714407
5884567,16714413
5884569,16714415
5884571,16714417
5884572,16714418
5884576,16714422
5884581,16714427
5884587,16714433
5884590,16714436
5884591,16714437
5884594,16714440
5884595,16714441
5884597,16714443
5884599,16714445
5884602,16714448
5884605,16714451
5884612,16714458
5884614,16714460
5884616,16714462
5884618,16714464
5884620,16714466
5884624,16714470
5884625,16714471
5884629,16714475
5884633,16714479
5884634,16714480
5884637,16714483
5884640,16714486
5884643,16714488
5884649,16714494
5884652,16714497
5884653,16714498
5884657,16714502
5884661,16714506
5884663,16714508
5884664,16714509
5884665,16714510
5884671,16714516
5884675,16714520
5884681,16714526
5884682,16714527
5884683,16714528
5884686,16714531
5884688,16714533
5884693,16714538
5884694,16714539
5884695,16714540
5884698,16714543
5884699,16714544
5884700,16714545
5884703,16714548
5884710,16714555
5884711,16714556
5884714,16714559
5884716,16714561
5884718,16714563
5884724,16714569
5884726,16714571
5884728,16714573
5884732,16714577
5884734,16714579
5884738,16714583
5884741,16714586
5884743,16714588
5884744,16714589
5884746,16714591
5884756,16714601
5884759,16714604
5884761,16714606
5884769,16714614
5884770,16714615
5884775,16714620
5884777,16714622
5884779,16714624
5884785,16714630
5884787,16714632
5884789,16714634
5884796,16714640
5884799,16714643
5884802,16714646
5884806,16714650
5884809,16714653
5884810,16714654
5884818,16714662
5884823,16714667
5884827,16714671
5884828,16714672
5884834,16714678
5884841,16714685
5884857,16714701
5884858,16714702
5884859,16714703
5884864,16714708
5884865,16714709
5884869,16714713
5884870,16714714
5884871,16714715
5884873,16714717
5884879,16714723
5884880,16714724
5884881,16714725
5884882,16714726
5884883,16714727
5884885,16714729
5884886,16714730
5884890,16714734
5884898,16714742
